route_id,service_id,trip_id,trip_headsign,direction_id,block_id,shape_id,trip_short_name,bikes_allowed,wheelchair_accessible
101X,73017,6005641,South,0,1345982,101X0046,,,
101X,73017,6005640,South,0,1345985,101X0046,,,
101X,73017,6005638,North,1,1346048,101X0042,,,
101X,73017,6005639,North,1,1345999,101X0042,,,
31,73017,6005028,South,0,1346088,310051,,,
31,73017,6005029,South,0,1346088,310051,,,
31,73017,6005026,North,1,1345840,310050,,,
31,73017,6005027,North,1,1345840,310050,,,
31,73019,5996296,North,1,1343984,310038,,,
31,74107,6000284,North,1,1344908,310038,,,
31,73017,6005024,North,1,1346082,310038,,,
31,73017,6005022,North,1,1345840,310038,,,
31,73017,6005023,North,1,1345840,310038,,,
31,73019,5996295,North,1,1343985,310038,,,
31,74107,6000282,North,1,1344909,310038,,,
31,73019,5996294,North,1,1344010,310038,,,
31,74107,6000283,North,1,1344929,310038,,,
31,73017,6005021,South,0,1346088,310039,,,
31,73019,5996292,South,0,1343983,310039,,,
31,74107,6000281,South,0,1344916,310039,,,
31,73019,5996293,South,0,1343984,310039,,,
31,74107,6000286,South,0,1344908,310039,,,
31,73017,6005025,South,0,1346082,310039,,,
31,73019,5996291,South,0,1343985,310039,,,
31,74107,6000285,South,0,1344909,310039,,,
25,73017,6005642,East,0,1345806,250042,,,
25,73017,6005649,East,0,1345807,250042,,,
25,73017,6005650,East,0,1345805,250042,,,
25,73017,6005651,East,0,1345806,250042,,,
25,73017,6005655,East,0,1345807,250042,,,
25,73017,6005652,East,0,1345805,250042,,,
25,73017,6005653,East,0,1345807,250042,,,
25,73017,6005657,West,1,1345991,250041,,,
25,73017,6005643,West,1,1345803,250041,,,
25,73017,6005654,West,1,1345808,250041,,,
25,73017,6005648,West,1,1345804,250041,,,
25,73017,6005644,West,1,1345803,250041,,,
25,73017,6005647,West,1,1345808,250041,,,
25,73017,6005645,West,1,1345804,250041,,,
25,73017,6005646,West,1,1345803,250041,,,
25,73017,6005656,West,1,1345804,250041,,,
93,73017,6005713,South,0,1345951,930061,,,
93,73017,6005705,South,0,1345857,930061,,,
93,73017,6005706,South,0,1346013,930061,,,
93,73017,6005707,South,0,1345931,930061,,,
93,73017,6005708,South,0,1345910,930061,,,
93,73017,6005714,South,0,1345972,930061,,,
93,73017,6005709,South,0,1345946,930061,,,
93,73017,6005710,South,0,1345894,930061,,,
93,73017,6005704,South,0,1345948,930061,,,
93,73017,6005703,North,1,1345968,930057,,,
93,73017,6005712,North,1,1345959,930057,,,
93,73017,6005702,North,1,1346016,930057,,,
93,73017,6005711,North,1,1346051,930057,,,
41,73017,6005885,North,0,1346057,410011,,,
41,73017,6005886,North,0,1346058,410011,,,
41,73017,6005887,North,0,1346057,410011,,,
41,73017,6005888,North,0,1346058,410011,,,
41,73017,6005889,North,0,1346057,410011,,,
41,73017,6005890,North,0,1346058,410011,,,
41,73017,6005891,South,1,1346055,410015,,,
41,73017,6005892,South,1,1346056,410015,,,
41,73017,6005893,South,1,1346055,410015,,,
41,73017,6005894,South,1,1346056,410015,,,
41,73017,6005895,South,1,1346055,410015,,,
41,73017,6005896,South,1,1346056,410015,,,
70,73017,6005816,South,0,1345970,700252,,,
70,74107,6000562,South,0,1344937,700252,,,
70,73019,5996555,South,0,1344004,700252,,,
70,73017,6005817,South,0,1345965,700252,,,
70,74107,6000543,South,0,1344926,700252,,,
70,73019,5996556,South,0,1344005,700252,,,
70,73017,6005818,South,0,1345968,700252,,,
70,74107,6000544,South,0,1344927,700252,,,
70,73019,5996557,South,0,1343990,700252,,,
70,73017,6005819,South,0,1345976,700254,,,
70,73019,5996572,South,0,1344006,700252,,,
70,74107,6000563,South,0,1344928,700252,,,
70,73017,6005820,South,0,1346006,700254,,,
70,73019,5996573,South,0,1344004,700252,,,
70,74107,6000564,South,0,1344937,700252,,,
70,73017,6005821,South,0,1346002,700254,,,
70,73019,5996574,South,0,1344010,700252,,,
70,74107,6000565,South,0,1344939,700252,,,
70,73017,6005822,South,0,1345980,700254,,,
70,73019,5996575,South,0,1344008,700252,,,
70,74107,6000566,South,0,1344925,700252,,,
70,73017,6005823,South,0,1345948,700254,,,
70,73019,5996576,South,0,1343987,700252,,,
70,74107,6000567,South,0,1344911,700252,,,
70,73017,6005824,South,0,1345899,700254,,,
70,74107,6000568,South,0,1344912,700252,,,
70,73019,5996577,South,0,1343988,700252,,,
70,73017,6005825,South,0,1346006,700254,,,
70,74107,6000559,South,0,1344910,700252,,,
70,73019,5996578,South,0,1344007,700252,,,
70,73017,6005826,South,0,1346002,700254,,,
70,73019,5996579,South,0,1343989,700252,,,
70,74107,6000569,South,0,1344913,700252,,,
70,73017,6005827,South,0,1345987,700254,,,
70,73019,5996580,South,0,1344009,700252,,,
70,74107,6000558,South,0,1344925,700252,,,
70,73017,6005828,South,0,1345948,700254,,,
70,73019,5996581,South,0,1343990,700252,,,
70,74107,6000561,South,0,1344911,700252,,,
70,73017,6005829,South,0,1345899,700254,,,
70,73019,5996571,South,0,1344012,700252,,,
70,74107,6000560,South,0,1344912,700252,,,
70,73017,6005830,South,0,1346046,700254,,,
70,73019,5996584,South,0,1344013,700252,,,
70,74107,6000572,South,0,1344910,700252,,,
70,73017,6005831,South,0,1346002,700252,,,
70,74107,6000573,South,0,1344909,700252,,,
70,73019,5996585,South,0,1343989,700252,,,
70,73019,5996586,South,0,1344009,700252,,,
70,74107,6000574,South,0,1344934,700252,,,
70,73017,6005836,South,0,1345987,700252,,,
70,74107,6000575,South,0,1344938,700252,,,
70,73017,6005837,South,0,1345852,700252,,,
70,73019,5996587,South,0,1344016,700252,,,
70,73019,5996588,South,0,1344003,700252,,,
70,74107,6000576,South,0,1344940,700252,,,
70,73017,6005838,South,0,1345969,700252,,,
70,73017,6005832,North,1,1345973,700247,,,
70,73017,6005833,North,1,1345976,700247,,,
70,74107,6000548,North,1,1344928,700247,,,
70,73019,5996561,North,1,1344006,700247,,,
70,73017,6005801,North,1,1346006,700247,,,
70,74107,6000549,North,1,1344937,700247,,,
70,73019,5996560,North,1,1344004,700247,,,
70,73017,6005802,North,1,1346002,700247,,,
70,73019,5996558,North,1,1344010,700247,,,
70,74107,6000545,North,1,1344939,700247,,,
70,73017,6005803,North,1,1345980,700247,,,
70,74107,6000550,North,1,1344925,700247,,,
70,73019,5996559,North,1,1344008,700247,,,
70,73019,5996562,North,1,1343987,700247,,,
70,74107,6000546,North,1,1344911,700247,,,
70,73017,6005804,North,1,1345948,700247,,,
70,73019,5996563,North,1,1343988,700247,,,
70,74107,6000547,North,1,1344912,700247,,,
70,73017,6005805,North,1,1345899,700247,,,
70,73017,6005806,North,1,1346006,700247,,,
70,73019,5996564,North,1,1344007,700247,,,
70,74107,6000551,North,1,1344910,700247,,,
70,73019,5996565,North,1,1343989,700247,,,
70,73017,6005807,North,1,1346002,700247,,,
70,74107,6000552,North,1,1344913,700247,,,
70,73019,5996566,North,1,1344009,700247,,,
70,73017,6005808,North,1,1345987,700247,,,
70,74107,6000553,North,1,1344925,700247,,,
70,73017,6005809,North,1,1345948,700247,,,
70,74107,6000554,North,1,1344911,700247,,,
70,73019,5996567,North,1,1343990,700247,,,
70,73017,6005800,North,1,1345899,700247,,,
70,73019,5996568,North,1,1344012,700247,,,
70,74107,6000555,North,1,1344912,700247,,,
70,73017,6005812,North,1,1346046,700247,,,
70,73019,5996569,North,1,1344013,700247,,,
70,74107,6000556,North,1,1344910,700247,,,
70,73017,6005811,North,1,1346002,700247,,,
70,73019,5996570,North,1,1343989,700247,,,
70,74107,6000557,North,1,1344909,700247,,,
70,73017,6005810,North,1,1345987,700247,,,
70,73019,5996552,North,1,1344009,700247,,,
70,74107,6000540,North,1,1344934,700247,,,
70,73017,6005813,North,1,1345852,700247,,,
70,73019,5996553,North,1,1344016,700247,,,
70,74107,6000541,North,1,1344938,700247,,,
70,73017,6005814,North,1,1345969,700247,,,
70,73019,5996554,North,1,1344003,700247,,,
70,74107,6000542,North,1,1344940,700247,,,
70,73017,6005815,North,1,1345990,700247,,,
70,74107,6000539,North,1,1344909,700247,,,
70,73019,5996551,North,1,1344020,700247,,,
70,73017,6005834,North,1,1345971,700247,,,
70,73019,5996582,North,1,1344015,700247,,,
70,74107,6000570,North,1,1344930,700247,,,
70,73017,6005835,North,1,1345989,700247,,,
70,74107,6000571,North,1,1344908,700247,,,
70,73019,5996583,North,1,1344016,700247,,,
76,73017,6005695,South,0,1345890,760074,,,
76,73017,6005696,South,0,1345856,760074,,,
76,73017,6005693,South,0,1345917,760074,,,
76,73017,6005694,South,0,1345922,760074,,,
76,73017,6005692,South,0,1345927,760074,,,
76,73017,6005698,North,1,1345955,760072,,,
76,73017,6005699,North,1,1345898,760072,,,
76,73017,6005700,North,1,1345897,760072,,,
76,73017,6005701,North,1,1345918,760072,,,
76,73017,6005697,North,1,1345926,760072,,,
18,73017,6005473,South,0,1345910,180097,,,
18,73017,6005468,South,0,1346012,180097,,,
18,73017,6005474,South,0,1345858,180097,,,
18,73017,6005469,South,0,1345882,180097,,,
18,73017,6005470,South,0,1345865,180097,,,
18,73017,6005471,South,0,1345938,180097,,,
18,73017,6005475,South,0,1345876,180097,,,
18,73017,6005472,South,0,1345915,180097,,,
18,73017,6005467,South,0,1345868,180097,,,
18,73017,6005476,South,0,1346019,180097,,,
18,73017,6005461,North,1,1345855,180086,,,
18,73017,6005462,North,1,1345900,180086,,,
18,73017,6005463,North,1,1345883,180086,,,
18,73017,6005464,North,1,1345901,180086,,,
18,73017,6005465,North,1,1345964,180086,,,
18,73017,6005466,North,1,1345956,180086,,,
18,73017,6005460,North,1,1346044,180086,,,
2,73017,6005452,South,0,1345915,20076,,,
2,73017,6005448,South,0,1346017,20076,,,
2,73017,6005449,South,0,1346004,20076,,,
2,73017,6005450,South,0,1345904,20076,,,
2,73017,6005451,South,0,1345890,20076,,,
2,73017,6005447,South,0,1345853,20076,,,
2,73017,6005453,South,0,1345882,20076,,,
2,73017,6005454,North,1,1345852,20065,,,
2,73017,6005455,North,1,1345911,20065,,,
2,73017,6005456,North,1,1346008,20065,,,
2,73017,6005446,North,1,1345913,20065,,,
24,73017,6005483,South,0,1345862,240170,,,
24,73017,6005489,South,0,1345912,240170,,,
24,73017,6005482,South,0,1345894,240170,,,
24,73017,6005491,South,0,1345902,240170,,,
24,73017,6005486,South,0,1345888,240170,,,
24,73017,6005490,South,0,1345880,240170,,,
24,73017,6005496,South,0,1345862,240170,,,
24,73017,6005494,South,0,1345978,240170,,,
24,73017,6005495,South,0,1345856,240170,,,
24,73017,6005493,South,0,1345949,240171,,,
24,73017,6005498,South,0,1345858,240172,,,
24,73017,6005479,North,1,1345863,240133,,,
24,73017,6005480,North,1,1345978,240133,,,
24,73017,6005485,North,1,1345859,240133,,,
24,73017,6005481,North,1,1345935,240133,,,
24,73017,6005484,North,1,1346047,240133,,,
24,73017,6005488,North,1,1345991,240133,,,
24,73017,6005492,North,1,1345947,240161,,,
24,73017,6005477,North,1,1345954,240134,,,
24,73017,6005478,North,1,1346007,240134,,,
24,73017,6005487,North,1,1345967,240134,,,
24,73017,6005497,North,1,1345932,240134,,,
24X,73017,6005750,South,0,1345869,24X0006,,,
24X,73017,6005748,South,0,1346050,24X0006,,,
24X,73017,6005749,South,0,1345875,24X0006,,,
24X,73017,6005745,North,1,1345903,24X0004,,,
24X,73017,6005746,North,1,1345895,24X0004,,,
24X,73017,6005747,North,1,1345873,24X0004,,,
24X,73017,6005751,South,0,1346004,24X0010,,,
27,73017,6005513,South,0,1345848,270200,,,
27,73017,6005526,North,1,1345849,270208,,,
27,73017,6005527,North,1,1345950,270208,,,
27,73017,6005528,North,1,1346003,270208,,,
27,73017,6005529,North,1,1345849,270208,,,
27,73017,6005530,North,1,1345979,270208,,,
27,73017,6005531,North,1,1345975,270208,,,
27,73017,6005532,North,1,1345964,270208,,,
27,73017,6005533,North,1,1345913,270208,,,
27,73017,6005510,South,0,1345849,270176,,,
27,73017,6005508,North,1,1345932,270203,,,
27,73017,6005504,North,1,1345986,270203,,,
27,73017,6005505,North,1,1345966,270203,,,
27,73017,6005506,North,1,1345885,270203,,,
27,73017,6005507,North,1,1345994,270203,,,
27,73017,6005503,North,1,1346051,270203,,,
27,73017,6005512,North,1,1345952,270205,,,
27,73017,6005509,South,0,1345853,270199,,,
27,73017,6005499,South,0,1345849,270199,,,
27,73017,6005516,South,0,1345929,270199,,,
27,73017,6005500,South,0,1345870,270199,,,
27,73017,6005501,South,0,1345851,270199,,,
27,73017,6005502,South,0,1345912,270199,,,
27,73017,6005514,South,0,1346003,270175,,,
27,73017,6005515,South,0,1346049,270175,,,
27,73017,6005517,South,0,1345849,270207,,,
27,73017,6005525,South,0,1345950,270207,,,
27,73017,6005524,South,0,1346003,270207,,,
27,73017,6005523,South,0,1345849,270207,,,
27,73017,6005522,South,0,1345979,270207,,,
27,73017,6005521,South,0,1345975,270207,,,
27,73017,6005519,South,0,1345964,270207,,,
27,73017,6005520,South,0,1345913,270207,,,
27,73017,6005518,South,0,1345932,270207,,,
27,73017,6005534,North,1,1345848,270206,,,
27,73017,6005511,South,0,1345952,270193,,,
30,73017,6005797,South,0,1346002,300053,,,
30,74107,6000535,South,0,1344939,300053,,,
30,73019,5996537,South,0,1344010,300053,,,
30,73017,6005796,South,0,1345963,300053,,,
30,73019,5996548,South,0,1344008,300053,,,
30,74107,6000534,South,0,1344925,300053,,,
30,73017,6005795,South,0,1345967,300053,,,
30,73019,5996547,South,0,1343987,300053,,,
30,74107,6000533,South,0,1344911,300053,,,
30,74107,6000532,South,0,1344912,300053,,,
30,73017,6005794,South,0,1345966,300053,,,
30,73019,5996546,South,0,1343988,300053,,,
30,73017,6005793,South,0,1346082,300053,,,
30,74107,6000531,South,0,1344910,300053,,,
30,73019,5996545,South,0,1343986,300053,,,
30,73019,5996544,South,0,1343989,300053,,,
30,73017,6005792,South,0,1345892,300053,,,
30,74107,6000519,South,0,1344913,300053,,,
30,73017,6005791,South,0,1345965,300053,,,
30,74107,6000520,South,0,1344926,300053,,,
30,73019,5996543,South,0,1344005,300053,,,
30,74107,6000521,South,0,1344927,300053,,,
30,73017,6005790,South,0,1345963,300053,,,
30,73019,5996542,South,0,1343990,300053,,,
30,74107,6000522,South,0,1344928,300053,,,
30,73017,6005789,South,0,1345986,300053,,,
30,73019,5996541,South,0,1344006,300053,,,
30,74107,6000523,South,0,1344936,300053,,,
30,73019,5996540,South,0,1344002,300053,,,
30,73017,6005788,South,0,1345989,300053,,,
30,74107,6000524,South,0,1344908,300053,,,
30,73019,5996539,South,0,1343984,300053,,,
30,73017,6005787,South,0,1345993,300053,,,
30,73017,6005786,South,0,1345997,300053,,,
30,74107,6000525,South,0,1344934,300053,,,
30,73019,5996538,South,0,1344018,300053,,,
30,73017,6005785,South,0,1345967,300053,,,
30,74107,6000526,South,0,1344938,300053,,,
30,73019,5996536,South,0,1344016,300053,,,
30,73017,6005784,South,0,1345966,300053,,,
30,73019,5996535,South,0,1343985,300053,,,
30,74107,6000527,South,0,1344940,300053,,,
30,73017,6005783,South,0,1345963,300053,,,
30,74107,6000528,South,0,1344935,300053,,,
30,73019,5996534,South,0,1344020,300053,,,
30,73017,6005782,South,0,1345975,300053,,,
30,73019,5996533,South,0,1344015,300053,,,
30,74107,6000529,South,0,1344936,300053,,,
30,73017,6005781,South,0,1345992,300053,,,
30,73019,5996532,South,0,1343984,300053,,,
30,74107,6000530,South,0,1344908,300053,,,
30,73017,6005798,South,0,1345997,300053,,,
30,73019,5996549,South,0,1343990,300053,,,
30,74107,6000536,South,0,1344911,300053,,,
30,73017,6005780,North,1,1345977,300038,,,
30,73017,6005779,North,1,1345978,300038,,,
30,74107,6000518,North,1,1344910,300038,,,
30,73019,5996531,North,1,1343986,300038,,,
30,73017,6005778,North,1,1345970,300038,,,
30,74107,6000537,North,1,1344913,300038,,,
30,73019,5996530,North,1,1343989,300038,,,
30,73017,6005777,North,1,1345965,300038,,,
30,74107,6000517,North,1,1344926,300038,,,
30,73019,5996529,North,1,1344005,300038,,,
30,73017,6005776,North,1,1345963,300038,,,
30,74107,6000516,North,1,1344927,300038,,,
30,73019,5996528,North,1,1343990,300038,,,
30,73017,6005775,North,1,1345967,300038,,,
30,74107,6000515,North,1,1344928,300038,,,
30,73019,5996527,North,1,1344006,300038,,,
30,73019,5996526,North,1,1343995,300038,,,
30,73017,6005774,North,1,1345966,300038,,,
30,74107,6000514,North,1,1344937,300038,,,
30,73019,5996525,North,1,1343986,300038,,,
30,73017,6005773,North,1,1346082,300038,,,
30,74107,6000513,North,1,1344939,300038,,,
30,73019,5996524,North,1,1344017,300038,,,
30,73017,6005772,North,1,1345892,300038,,,
30,74107,6000512,North,1,1344941,300038,,,
30,73017,6005771,North,1,1345965,300038,,,
30,73019,5996523,North,1,1344005,300038,,,
30,74107,6000511,North,1,1344926,300038,,,
30,73017,6005770,North,1,1345988,300038,,,
30,74107,6000510,North,1,1344927,300038,,,
30,73019,5996522,North,1,1344019,300038,,,
30,73017,6005769,North,1,1345996,300038,,,
30,74107,6000509,North,1,1344942,300038,,,
30,73019,5996521,North,1,1344006,300038,,,
30,73017,6005768,North,1,1345998,300038,,,
30,74107,6000508,North,1,1344936,300038,,,
30,73019,5996520,North,1,1344002,300038,,,
30,73017,6005767,North,1,1346001,300038,,,
30,74107,6000507,North,1,1344908,300038,,,
30,73019,5996519,North,1,1343984,300038,,,
30,73017,6005766,North,1,1345997,300038,,,
30,74107,6000506,North,1,1344911,300038,,,
30,73019,5996518,North,1,1343990,300038,,,
30,73017,6005765,North,1,1345967,300038,,,
30,74107,6000505,North,1,1344912,300038,,,
30,73019,5996517,North,1,1344012,300038,,,
30,73017,6005764,North,1,1345966,300038,,,
30,74107,6000504,North,1,1344910,300038,,,
30,73019,5996516,North,1,1343985,300038,,,
30,73017,6005763,North,1,1345963,300038,,,
30,74107,6000503,North,1,1344935,300038,,,
30,73019,5996515,North,1,1343989,300038,,,
30,73017,6005762,North,1,1345975,300038,,,
30,74107,6000502,North,1,1344934,300038,,,
30,73019,5996514,North,1,1343984,300038,,,
30,73017,6005799,North,1,1345997,300038,,,
30,74107,6000538,North,1,1344911,300038,,,
30,73019,5996550,North,1,1344003,300038,,,
38,73017,6005536,South,0,1345936,380073,,,
38,73017,6005537,South,0,1345941,380073,,,
38,73017,6005538,South,0,1345867,380073,,,
38,73017,6005535,South,0,1345884,380073,,,
38,73017,6005539,North,1,1345887,380071,,,
38,73017,6005540,North,1,1345891,380071,,,
38,73017,6005541,North,1,1345906,380071,,,
38,73017,6005542,North,1,1345954,380071,,,
4,73017,6005170,South,0,1345914,40202,,,
4,73017,6005150,South,0,1345945,40202,,,
4,73017,6005171,South,0,1345943,40202,,,
4,73017,6005177,South,0,1345899,40221,,,
4,73017,6005151,South,0,1345945,40215,,,
4,73017,6005131,South,0,1345857,40214,,,
4,73017,6005154,South,0,1345931,40214,,,
4,73017,6005172,South,0,1346019,40214,,,
4,73017,6005153,South,0,1345899,40214,,,
4,73017,6005125,South,0,1346082,40214,,,
4,73017,6005141,South,0,1345950,40214,,,
4,73017,6005126,South,0,1346009,40214,,,
4,73017,6005173,South,0,1345934,40214,,,
4,73017,6005127,South,0,1346053,40214,,,
4,73017,6005155,South,0,1346052,40214,,,
4,73017,6005128,South,0,1346011,40214,,,
4,73017,6005129,South,0,1346010,40214,,,
4,73017,6005130,South,0,1345914,40214,,,
4,73017,6005174,South,0,1345886,40214,,,
4,73017,6005175,South,0,1345951,40168,,,
4,73017,6005156,South,0,1345857,40212,,,
4,73017,6005157,South,0,1345946,40212,,,
4,73017,6005158,South,0,1345978,40212,,,
4,73017,6005159,South,0,1345857,40212,,,
4,73017,6005160,South,0,1345946,40212,,,
4,73017,6005161,South,0,1345978,40212,,,
4,73017,6005162,South,0,1345849,40212,,,
4,73017,6005163,South,0,1345974,40212,,,
4,73017,6005164,South,0,1345939,40212,,,
4,73017,6005167,North,1,1345946,40170,,,
4,73017,6005140,North,1,1345975,40170,,,
4,73017,6005148,North,1,1345881,40170,,,
4,73017,6005149,North,1,1345850,40170,,,
4,73017,6005165,North,1,1345974,40170,,,
4,73017,6005121,North,1,1345974,40148,,,
4,73017,6005168,North,1,1345937,40148,,,
4,73017,6005122,North,1,1345939,40148,,,
4,73017,6005142,North,1,1345877,40148,,,
4,73017,6005169,North,1,1345958,40148,,,
4,73017,6005144,North,1,1345889,40148,,,
4,73017,6005145,North,1,1346005,40148,,,
4,73017,6005146,North,1,1345916,40148,,,
4,73017,6005152,North,1,1345849,40148,,,
4,73017,6005166,North,1,1345968,40148,,,
4,73017,6005123,North,1,1345993,40148,,,
4,73017,6005124,North,1,1345975,40148,,,
4,73017,6005176,North,1,1345939,40148,,,
4,73017,6005147,North,1,1345871,40148,,,
4,73017,6005133,North,1,1345951,40151,,,
4,73017,6005134,North,1,1345857,40151,,,
4,73017,6005135,North,1,1345946,40151,,,
4,73017,6005136,North,1,1345978,40151,,,
4,73017,6005137,North,1,1345857,40151,,,
4,73017,6005138,North,1,1345946,40151,,,
4,73017,6005139,North,1,1345978,40151,,,
4,73017,6005143,North,1,1345849,40151,,,
4,73017,6005132,North,1,1345857,40151,,,
40,73017,6005616,West,0,1346049,400059,,,
40,73017,6005636,West,0,1345810,400059,,,
40,73017,6005637,West,0,1345811,400059,,,
40,74107,6000486,West,0,1344911,400059,,,
40,73019,5996498,West,0,1343987,400059,,,
40,73017,6005617,West,0,1345836,400059,,,
40,73017,6005618,West,0,1345966,400059,,,
40,73019,5996499,West,0,1343988,400059,,,
40,74107,6000487,West,0,1344912,400059,,,
40,73017,6005619,West,0,1345811,400059,,,
40,73019,5996500,West,0,1343986,400059,,,
40,74107,6000488,West,0,1344910,400059,,,
40,73019,5996501,West,0,1343989,400059,,,
40,74107,6000489,West,0,1344913,400059,,,
40,73017,6005620,West,0,1345892,400059,,,
40,73019,5996502,West,0,1344005,400059,,,
40,74107,6000490,West,0,1344926,400059,,,
40,73017,6005621,West,0,1345965,400059,,,
40,73019,5996503,West,0,1343990,400059,,,
40,74107,6000491,West,0,1344927,400059,,,
40,73017,6005622,West,0,1345963,400059,,,
40,73019,5996504,West,0,1344006,400059,,,
40,74107,6000492,West,0,1344928,400059,,,
40,73017,6005624,West,0,1345967,400059,,,
40,73019,5996505,West,0,1344002,400059,,,
40,74107,6000493,West,0,1344936,400059,,,
40,73017,6005626,West,0,1345966,400059,,,
40,74107,6000494,West,0,1344908,400059,,,
40,73019,5996506,West,0,1343984,400059,,,
40,73017,6005628,West,0,1345847,400059,,,
40,74107,6000495,West,0,1344934,400059,,,
40,73019,5996507,West,0,1344018,400059,,,
40,73017,6005629,West,0,1345892,400059,,,
40,73017,6005630,West,0,1345839,400059,,,
40,74107,6000496,West,0,1344938,400059,,,
40,73019,5996508,West,0,1344016,400059,,,
40,73017,6005631,West,0,1345846,400059,,,
40,73017,6005632,West,0,1345965,400059,,,
40,74107,6000497,West,0,1344940,400059,,,
40,73019,5996509,West,0,1343985,400059,,,
40,73017,6005633,West,0,1345992,400059,,,
40,73017,6005634,West,0,1345988,400059,,,
40,73019,5996510,West,0,1344020,400059,,,
40,74107,6000498,West,0,1344935,400059,,,
40,73017,6005635,West,0,1345963,400059,,,
40,74107,6000499,West,0,1344936,400059,,,
40,73019,5996511,West,0,1344015,400059,,,
40,73017,6005625,West,0,1345988,400059,,,
40,73019,5996512,West,0,1343984,400059,,,
40,74107,6000500,West,0,1344908,400059,,,
40,73017,6005627,West,0,1345992,400059,,,
40,73019,5996513,West,0,1343990,400059,,,
40,74107,6000501,West,0,1344911,400059,,,
40,73017,6005623,West,0,1345997,400059,,,
40,73017,6005599,East,1,1345810,400058,,,
40,73017,6005592,East,1,1346049,400058,,,
40,73019,5996483,East,1,1343988,400058,,,
40,73017,6005593,East,1,1345810,400058,,,
40,74107,6000471,East,1,1344912,400058,,,
40,73017,6005594,East,1,1345811,400058,,,
40,73019,5996484,East,1,1343986,400058,,,
40,73017,6005595,East,1,1345836,400058,,,
40,74107,6000472,East,1,1344910,400058,,,
40,73017,6005600,East,1,1345892,400058,,,
40,74107,6000473,East,1,1344913,400058,,,
40,73019,5996485,East,1,1343989,400058,,,
40,73017,6005601,East,1,1345965,400058,,,
40,74107,6000474,East,1,1344926,400058,,,
40,73019,5996486,East,1,1344005,400058,,,
40,73017,6005602,East,1,1345963,400058,,,
40,73019,5996487,East,1,1343990,400058,,,
40,74107,6000475,East,1,1344927,400058,,,
40,74107,6000476,East,1,1344928,400058,,,
40,73019,5996488,East,1,1344006,400058,,,
40,73017,6005603,East,1,1345967,400058,,,
40,73017,6005604,East,1,1345966,400058,,,
40,74107,6000477,East,1,1344936,400058,,,
40,73019,5996489,East,1,1344002,400058,,,
40,73019,5996490,East,1,1343984,400058,,,
40,74107,6000478,East,1,1344908,400058,,,
40,73017,6005605,East,1,1345847,400058,,,
40,73017,6005606,East,1,1346082,400058,,,
40,74107,6000479,East,1,1344934,400058,,,
40,73017,6005607,East,1,1345892,400058,,,
40,73019,5996491,East,1,1344018,400058,,,
40,73017,6005596,East,1,1345839,400058,,,
40,74107,6000480,East,1,1344938,400058,,,
40,73019,5996492,East,1,1344016,400058,,,
40,73017,6005614,East,1,1345847,400058,,,
40,73017,6005597,East,1,1345892,400058,,,
40,73017,6005615,East,1,1345839,400058,,,
40,73019,5996493,East,1,1343985,400058,,,
40,74107,6000481,East,1,1344940,400058,,,
40,73017,6005598,East,1,1345846,400058,,,
40,73017,6005608,East,1,1345965,400058,,,
40,73019,5996494,East,1,1344020,400058,,,
40,74107,6000482,East,1,1344935,400058,,,
40,73017,6005609,East,1,1345992,400058,,,
40,73019,5996495,East,1,1344015,400058,,,
40,74107,6000483,East,1,1344936,400058,,,
40,73017,6005610,East,1,1345988,400058,,,
40,74107,6000484,East,1,1344908,400058,,,
40,73017,6005611,East,1,1345992,400058,,,
40,73019,5996496,East,1,1343984,400058,,,
40,73019,5996497,East,1,1343990,400058,,,
40,73017,6005612,East,1,1345997,400058,,,
40,74107,6000485,East,1,1344911,400058,,,
40,73017,6005613,East,1,1345967,400058,,,
40X,73017,6005758,West,0,1345967,40X0014,,,
40X,73017,6005755,West,0,1346003,40X0014,,,
40X,73017,6005754,West,0,1346049,40X0014,,,
40X,73017,6005759,West,0,1345810,40X0014,,,
40X,73017,6005760,West,0,1346082,40X0014,,,
40X,73017,6005761,East,1,1345846,40X0013,,,
40X,73017,6005756,East,1,1345965,40X0013,,,
40X,73017,6005752,East,1,1345992,40X0013,,,
40X,73017,6005753,East,1,1345988,40X0013,,,
40X,73017,6005757,East,1,1345963,40X0013,,,
44,73017,6005544,North,0,1345976,440076,,,
44,73017,6005543,North,0,1345959,440076,,,
44,73017,6005545,South,1,1345874,440077,,,
44,73017,6005546,South,1,1345872,440077,,,
54,73017,6005549,South,0,1345946,540178,,,
54,73017,6005568,South,0,1345886,540178,,,
54,73017,6005550,South,0,1345905,540178,,,
54,73017,6005551,South,0,1345933,540178,,,
54,73017,6005557,South,0,1345919,540178,,,
54,73017,6005552,South,0,1345896,540178,,,
54,73017,6005553,South,0,1345924,540178,,,
54,73017,6005569,South,0,1345944,540178,,,
54,73017,6005566,South,0,1345975,540178,,,
54,73017,6005554,South,0,1345865,540179,,,
54,73017,6005567,South,0,1345904,540179,,,
54,73017,6005555,South,0,1345868,540179,,,
54,73017,6005565,South,0,1345920,540180,,,
54,73017,6005571,North,1,1346082,540173,,,
54,73017,6005561,North,1,1345957,540173,,,
54,73017,6005556,North,1,1345816,540173,,,
54,73017,6005562,North,1,1345928,540173,,,
54,73017,6005573,North,1,1345921,540173,,,
54,73017,6005563,North,1,1345953,540173,,,
54,73017,6005572,North,1,1345946,540173,,,
54,73017,6005564,North,1,1345892,540173,,,
54,73017,6005547,North,1,1345956,540174,,,
54,73017,6005570,North,1,1345963,540174,,,
54,73017,6005559,North,1,1345866,540174,,,
54,73017,6005560,North,1,1345861,540174,,,
54,73017,6005558,North,1,1345877,540174,,,
54,73017,6005548,North,1,1345925,540162,,,
56,73017,6005584,South,0,1345907,560073,,,
56,73017,6005575,South,0,1345892,560073,,,
56,73017,6005576,South,0,1345878,560073,,,
56,73017,6005577,South,0,1345973,560073,,,
56,73017,6005574,South,0,1345854,560073,,,
56,73017,6005579,North,1,1345960,560070,,,
56,73017,6005580,North,1,1346054,560070,,,
56,73017,6005581,North,1,1345879,560070,,,
56,73017,6005582,North,1,1345908,560070,,,
56,73017,6005583,North,1,1345979,560070,,,
56,73017,6005578,North,1,1345847,560070,,,
58,73017,6005589,South,0,1345943,580083,,,
58,73017,6005590,South,0,1345860,580083,,,
58,73017,6005591,South,0,1345909,580083,,,
58,73017,6005588,South,0,1345864,580083,,,
58,73017,6005586,North,1,1345893,580082,,,
58,73017,6005587,North,1,1345923,580082,,,
58,73017,6005585,North,1,1345940,580082,,,
72,73017,6005659,North,0,1345937,720092,,,
72,73017,6005658,North,0,1346016,720092,,,
72,73017,6005660,South,1,1346027,720093,,,
72X,73017,6005664,North,0,1346029,72X0034,,,
72X,73017,6005665,North,0,1346030,72X0034,,,
72X,73017,6005666,North,0,1346032,72X0034,,,
72X,73017,6005667,North,0,1346033,72X0034,,,
72X,73017,6005663,North,0,1346034,72X0034,,,
72X,73017,6005668,North,0,1346036,72X0034,,,
72X,73017,6005669,North,0,1346037,72X0034,,,
72X,73017,6005670,North,0,1346039,72X0034,,,
72X,73017,6005661,North,0,1346041,72X0034,,,
72X,73017,6005662,North,0,1346043,72X0034,,,
72X,73017,6005674,South,1,1346017,72X0035,,,
72X,73017,6005675,South,1,1346014,72X0035,,,
72X,73017,6005676,South,1,1346009,72X0035,,,
72X,73017,6005677,South,1,1346011,72X0035,,,
72X,73017,6005678,South,1,1346020,72X0035,,,
72X,73017,6005679,South,1,1346015,72X0035,,,
72X,73017,6005680,South,1,1346022,72X0035,,,
72X,73017,6005671,South,1,1346024,72X0035,,,
72X,73017,6005673,South,1,1346026,72X0035,,,
72X,73017,6005672,South,1,1346028,72X0035,,,
74,73017,6005681,North,0,1346031,740115,,,
74,73017,6005682,North,0,1346035,740115,,,
74,73017,6005683,North,0,1346038,740115,,,
74,73017,6005684,North,0,1346040,740115,,,
74,73017,6005685,North,0,1346042,740115,,,
74,73017,6005690,South,1,1346013,740116,,,
74,73017,6005687,South,1,1346010,740116,,,
74,73017,6005688,South,1,1346018,740116,,,
74,73017,6005689,South,1,1346021,740116,,,
74,73017,6005686,South,1,1346023,740116,,,
74,73017,6005691,South,1,1346025,740116,,,
8,73017,6005459,South,0,1345948,80060,,,
8,73017,6005458,South,0,1345977,80060,,,
8,73017,6005457,North,1,1345871,80059,,,
92,73017,6005342,North,0,1346014,920108,,,
92,73017,6005333,North,0,1345907,920108,,,
92,73017,6005344,North,0,1346015,920108,,,
92,73017,6005337,North,0,1345929,920108,,,
92,73017,6005339,North,0,1345864,920108,,,
92,73017,6005338,North,0,1345975,920108,,,
92,73017,6005327,North,0,1345979,920108,,,
92,73017,6005329,North,0,1346044,920108,,,
92,73017,6005328,North,0,1345857,920108,,,
92,73017,6005343,North,0,1346007,920108,,,
92,73017,6005332,South,1,1345930,920086,,,
92,73017,6005331,South,1,1345942,920086,,,
92,73017,6005330,South,1,1345930,920086,,,
92,73017,6005341,South,1,1345967,920086,,,
92,73017,6005334,South,1,1345966,920086,,,
92,73017,6005340,South,1,1346008,920086,,,
92,73017,6005336,South,1,1345991,920086,,,
92,73017,6005335,South,1,1345852,920086,,,
101,73019,5996613,North,0,1343992,1010134,,,
101,74107,6000601,North,0,1344916,1010134,,,
101,74107,6000600,North,0,1344941,1010134,,,
101,73019,5996612,North,0,1344010,1010134,,,
101,73017,6005857,North,0,1345983,1010134,,,
101,73017,6005848,North,0,1345979,1010133,,,
101,73017,6005839,North,0,1345983,1010133,,,
101,74107,6000587,North,0,1344914,1010133,,,
101,73019,5996597,North,0,1343991,1010133,,,
101,73017,6005840,North,0,1345964,1010133,,,
101,74107,6000588,North,0,1344917,1010133,,,
101,73019,5996598,North,0,1343994,1010133,,,
101,73019,5996599,North,0,1343993,1010133,,,
101,74107,6000589,North,0,1344915,1010133,,,
101,73017,6005841,North,0,1345974,1010133,,,
101,73019,5996600,North,0,1344000,1010133,,,
101,73017,6005842,North,0,1345968,1010133,,,
101,74107,6000590,North,0,1344921,1010133,,,
101,73019,5996601,North,0,1343998,1010133,,,
101,74107,6000591,North,0,1344931,1010133,,,
101,73017,6005843,North,0,1345976,1010133,,,
101,73019,5996590,North,0,1344004,1010133,,,
101,74107,6000578,North,0,1344933,1010133,,,
101,73017,6005844,North,0,1346001,1010133,,,
101,74107,6000579,North,0,1344914,1010133,,,
101,73019,5996591,North,0,1344010,1010133,,,
101,73017,6005845,North,0,1345950,1010133,,,
101,73019,5996602,North,0,1344008,1010133,,,
101,73017,6005846,North,0,1345983,1010133,,,
101,74107,6000592,North,0,1344918,1010133,,,
101,73019,5996592,North,0,1343994,1010133,,,
101,74107,6000580,North,0,1344917,1010133,,,
101,74107,6000593,North,0,1344919,1010133,,,
101,73017,6005847,North,0,1345969,1010133,,,
101,73019,5996603,North,0,1344001,1010133,,,
101,74107,6000581,North,0,1344915,1010133,,,
101,73019,5996593,North,0,1344011,1010133,,,
101,73017,6005849,North,0,1345990,1010133,,,
101,73019,5996604,North,0,1343988,1010133,,,
101,74107,6000594,North,0,1344923,1010133,,,
101,73017,6005850,North,0,1345995,1010133,,,
101,74107,6000582,North,0,1344921,1010133,,,
101,73019,5996595,North,0,1343996,1010133,,,
101,73017,6005851,North,0,1345971,1010133,,,
101,73019,5996605,North,0,1344014,1010133,,,
101,74107,6000586,North,0,1344928,1010133,,,
101,73017,6005855,North,0,1346006,1010133,,,
101,73019,5996594,North,0,1344007,1010133,,,
101,74107,6000583,North,0,1344930,1010133,,,
101,73017,6005852,North,0,1345989,1010133,,,
101,73019,5996607,North,0,1343997,1010133,,,
101,74107,6000585,North,0,1344913,1010133,,,
101,73017,6005856,North,0,1346000,1010133,,,
101,73019,5996596,North,0,1344004,1010133,,,
101,73017,6005853,North,0,1346045,1010133,,,
101,74107,6000584,North,0,1344932,1010133,,,
101,73017,6005854,North,0,1345950,1010133,,,
101,73019,5996589,North,0,1344018,1010133,,,
101,74107,6000577,North,0,1344920,1010133,,,
101,74107,6000595,North,0,1344918,1010133,,,
101,73019,5996609,North,0,1344008,1010133,,,
101,73017,6005858,North,0,1345899,1010133,,,
101,73017,6005859,North,0,1346046,1010133,,,
101,74107,6000596,North,0,1344919,1010133,,,
101,73019,5996608,North,0,1344013,1010133,,,
101,73017,6005860,North,0,1346002,1010133,,,
101,73019,5996611,North,0,1343996,1010133,,,
101,74107,6000597,North,0,1344923,1010133,,,
101,73017,6005861,North,0,1345987,1010133,,,
101,74107,6000598,North,0,1344922,1010133,,,
101,73019,5996610,North,0,1343997,1010133,,,
101,73017,6005862,North,0,1345852,1010133,,,
101,74107,6000599,North,0,1344932,1010133,,,
101,73019,5996606,North,0,1343999,1010133,,,
101,73017,6005879,South,1,1345964,1010140,,,
101,73019,5996637,South,1,1344000,1010140,,,
101,73019,5996638,South,1,1344014,1010140,,,
101,74107,6000605,South,1,1344914,1010138,,,
101,73019,5996622,South,1,1343991,1010138,,,
101,73017,6005863,South,1,1346006,1010138,,,
101,74107,6000606,South,1,1344915,1010138,,,
101,73019,5996623,South,1,1343993,1010138,,,
101,73017,6005881,South,1,1345972,1010138,,,
101,73017,6005883,South,1,1345974,1010138,,,
101,73017,6005880,South,1,1345980,1010138,,,
101,73019,5996624,South,1,1343992,1010138,,,
101,74107,6000604,South,1,1344921,1010138,,,
101,73017,6005882,South,1,1345981,1010138,,,
101,73017,6005884,South,1,1345984,1010138,,,
101,73019,5996615,South,1,1343998,1010138,,,
101,74107,6000602,South,1,1344916,1010138,,,
101,73017,6005870,South,1,1346001,1010138,,,
101,73019,5996616,South,1,1343995,1010138,,,
101,74107,6000603,South,1,1344941,1010138,,,
101,73017,6005869,South,1,1345979,1010138,,,
101,73019,5996617,South,1,1344007,1010138,,,
101,74107,6000608,South,1,1344924,1010138,,,
101,73019,5996625,South,1,1343991,1010138,,,
101,74107,6000614,South,1,1344914,1010138,,,
101,73017,6005871,South,1,1345983,1010138,,,
101,73019,5996618,South,1,1344017,1010138,,,
101,74107,6000609,South,1,1344918,1010138,,,
101,73019,5996626,South,1,1343994,1010138,,,
101,74107,6000615,South,1,1344917,1010138,,,
101,73017,6005872,South,1,1345964,1010138,,,
101,73019,5996619,South,1,1344001,1010138,,,
101,74107,6000610,South,1,1344919,1010138,,,
101,73019,5996627,South,1,1344011,1010138,,,
101,74107,6000616,South,1,1344915,1010138,,,
101,73017,6005873,South,1,1345974,1010138,,,
101,73019,5996620,South,1,1344019,1010138,,,
101,74107,6000611,South,1,1344923,1010138,,,
101,73019,5996628,South,1,1344012,1010138,,,
101,74107,6000613,South,1,1344921,1010138,,,
101,73017,6005874,South,1,1345968,1010138,,,
101,73019,5996621,South,1,1343996,1010138,,,
101,74107,6000612,South,1,1344942,1010138,,,
101,73017,6005875,South,1,1345976,1010138,,,
101,73019,5996614,South,1,1343997,1010138,,,
101,74107,6000607,South,1,1344930,1010138,,,
101,73017,6005876,South,1,1346001,1010138,,,
101,73019,5996629,South,1,1344004,1010138,,,
101,74107,6000617,South,1,1344932,1010138,,,
101,73017,6005877,South,1,1345950,1010138,,,
101,73019,5996630,South,1,1344010,1010138,,,
101,74107,6000618,South,1,1344920,1010138,,,
101,73019,5996631,South,1,1344008,1010138,,,
101,73017,6005878,South,1,1345983,1010138,,,
101,74107,6000619,South,1,1344918,1010138,,,
101,73019,5996632,South,1,1344003,1010138,,,
101,73017,6005864,South,1,1345969,1010138,,,
101,74107,6000620,South,1,1344919,1010138,,,
101,74107,6000621,South,1,1344923,1010138,,,
101,73019,5996633,South,1,1343996,1010138,,,
101,73017,6005865,South,1,1345990,1010138,,,
101,73019,5996634,South,1,1344007,1010138,,,
101,74107,6000622,South,1,1344930,1010138,,,
101,73017,6005866,South,1,1345971,1010138,,,
101,73019,5996635,South,1,1343997,1010138,,,
101,74107,6000623,South,1,1344922,1010138,,,
101,73017,6005867,South,1,1345989,1010138,,,
101,73019,5996636,South,1,1343999,1010138,,,
101,74107,6000624,South,1,1344932,1010138,,,
101,73017,6005868,South,1,1346045,1010138,,,
801,74285,6005897,North,0,1346083,8010012,,,
801,74285,6005898,North,0,1346084,8010012,,,
801,74285,6005899,North,0,1346085,8010012,,,
801,74285,6005900,South,1,1346086,8010013,,,
801,74285,6005901,South,1,1346087,8010013,,,
801,74285,6005902,South,1,1346086,8010013,,,