shape_id,shape_pt_lon,shape_pt_lat,shape_pt_sequence,shape_dist_traveled
p_179316,-122.3772501074,37.6626759071,1,0.00000000
p_179316,-122.37727,37.66377,2,121.44617476
p_179316,-122.37728,37.66413,3,161.41236103
p_179316,-122.37713,37.66423,4,178.68505450
p_179316,-122.37262,37.6642,5,576.62275066
p_179316,-122.3714,37.6644,6,686.52999000
p_179316,-122.37071,37.66467,7,754.38532169
p_179316,-122.33746,37.7035,8,5967.44783341
p_179316,-122.32463,37.74024,9,10199.23906968
p_179316,-122.33493,37.77328,10,13977.06706578
p_179316,-122.33939,37.78756,11,15610.00918819
p_179316,-122.33803,37.79148,12,16061.28972656
p_179316,-122.33459,37.79604,13,16651.17559292
p_179316,-122.33287,37.7972,14,16849.98600550
p_179316,-122.33162,37.79748,15,16964.38046537
p_179316,-122.33051,37.79739,16,17062.65109177
p_179316,-122.32689,37.79644,17,17398.46314144
p_179316,-122.30385,37.79134,18,19505.24451804
p_179316,-122.30089,37.79113,19,19767.00370583
p_179316,-122.29874,37.79122,20,19956.64100653
p_179316,-122.29679,37.79149,21,20130.99320627
p_179316,-122.28604,37.79312,22,21094.97813382
p_179316,-122.28036,37.79372,23,21599.67571075
p_179316,-122.28007,37.79392,24,21633.51646375
p_179316,-122.28006,37.79419,25,21663.49740162
p_179316,-122.28015,37.79444,26,21692.35560987
p_179316,-122.27978,37.79503,27,21765.50183813
p_179316,-122.27978,37.79503,28,21765.50183823
p_179316,-122.2797772,37.795032,29,21765.83364520
p_179316,-122.280128,37.7944741,30,21835.03677185
p_179316,-122.2805679,37.7940841,31,21893.13120450
p_179316,-122.2805679,37.7940841,32,21893.13120450
p_179316,-122.2809756,37.7939146,33,21933.67021088
p_179316,-122.2809756,37.7939146,34,21933.67021088
p_179316,-122.2825205,37.7936009,35,22074.12580460
p_179316,-122.2825205,37.7936009,36,22074.12580460
p_179316,-122.2847843,37.7932109,37,22278.16206924
p_179316,-122.2847843,37.7932109,38,22278.16206924
p_179316,-122.2869287,37.7928464,39,22471.32239912
p_179316,-122.2869287,37.7928464,40,22471.32239912
p_179316,-122.2869287,37.7928464,41,22471.32239912
p_179316,-122.2869287,37.7928464,42,22471.32239912
p_179316,-122.293539,37.7916,43,23069.76518708
p_179316,-122.2939789,37.7914304,44,23112.84252092
p_179316,-122.2939789,37.7914304,45,23112.84252092
p_179316,-122.2939789,37.7914304,46,23112.84252092
p_179316,-122.2941828,37.79121,47,23143.19010760
p_179316,-122.2941828,37.79121,48,23143.19010760
p_179317,-122.412272,37.809594,1,0.00000000
p_179317,-122.4135733,37.810835,2,179.17545996
p_179317,-122.4135733,37.810835,3,179.17545996
p_179317,-122.4135518,37.8112927,4,230.01217789
p_179317,-122.4135518,37.8112927,5,230.01217789
p_179317,-122.413187,37.8118013,6,294.96299503
p_179317,-122.413187,37.8118013,7,294.96299503
p_179317,-122.4118137,37.8121742,8,422.77754554
p_179317,-122.4118137,37.8121742,9,422.77754554
p_179317,-122.4105692,37.8122251,10,532.50873735
p_179317,-122.4105692,37.8122251,11,532.50873735
p_179317,-122.4105692,37.8122251,12,532.50873735
p_179317,-122.4061275,37.8123946,13,924.07859303
p_179317,-122.4061275,37.8123946,14,924.07859303
p_179317,-122.4012136,37.8120217,15,1358.75181478
p_179317,-122.4012136,37.8120217,16,1358.75181478
p_179317,-122.3982739,37.811191,17,1633.54226051
p_179317,-122.3982739,37.811191,18,1633.54226051
p_179317,-122.3961926,37.8102925,19,1842.19278769
p_179317,-122.3937249,37.8075801,20,2213.48369124
p_179317,-122.3937249,37.8075801,21,2213.48369124
p_179317,-122.3916435,37.8048506,22,2567.57200540
p_179317,-122.3916435,37.8048506,23,2567.57200540
p_179317,-122.3901415,37.8015445,24,2957.63813989
p_179317,-122.3901415,37.8015445,25,2957.63813989
p_179317,-122.3903346,37.7984079,26,3306.19295586
p_179317,-122.393044553,37.796927986,27,3595.92842482
p_179317,-122.3931055398,37.7969041796,28,3601.91452666
p_179317,-122.3923584584,37.7973002811,29,3681.04916448
p_179317,-122.3880943289,37.8011983631,30,4253.96231721
p_179317,-122.3871121701,37.8052441583,31,4711.27066089
p_179317,-122.3867613991,37.8124495453,32,5511.61347435
p_179317,-122.3882730256,37.8245737103,33,6863.87741401
p_179317,-122.4374356275,37.9675937647,34,23316.72507724
p_179317,-122.3968513716,38.0059881663,35,28873.03311041
p_179317,-122.3639598222,38.0505534021,36,34600.90602425
p_179317,-122.3520698654,38.0572559987,37,35882.51027831
p_179317,-122.3259425912,38.06182752,38,38230.95160785
p_179317,-122.2606032534,38.0621674241,39,43965.15563493
p_179317,-122.2476027257,38.0645524413,40,45136.35235381
p_179317,-122.2454130134,38.0662764178,41,45407.53851166
p_179317,-122.2452717416,38.069724249,42,45790.44079804
p_179317,-122.2442122034,38.0733943424,43,46208.28759763
p_179317,-122.2462760033,38.0783125352,44,46783.44617092
p_179317,-122.2536572251,38.0876358597,45,48004.23161898
p_179317,-122.2631057428,38.0966745503,46,49305.59828358
p_179317,-122.2643079153,38.0982787462,47,49512.54301430
p_179317,-122.2642556469,38.0989471508,48,49586.87633589
p_179317,-122.2638618174,38.0993505172,49,49643.42664005
p_179317,-122.2631119128,38.0998710539,50,49730.97642781
p_179318,-122.412272,37.809594,1,0.00000000
p_179318,-122.4135733,37.810835,2,179.17545996
p_179318,-122.4135733,37.810835,3,179.17545996
p_179318,-122.4135518,37.8112927,4,230.01217789
p_179318,-122.4135518,37.8112927,5,230.01217789
p_179318,-122.413187,37.8118013,6,294.96299503
p_179318,-122.413187,37.8118013,7,294.96299503
p_179318,-122.4118137,37.8121742,8,422.77754554
p_179318,-122.4118137,37.8121742,9,422.77754554
p_179318,-122.4105692,37.8122251,10,532.50873735
p_179318,-122.4105692,37.8122251,11,532.50873735
p_179318,-122.4105692,37.8122251,12,532.50873735
p_179318,-122.4061275,37.8123946,13,924.07859303
p_179318,-122.4061275,37.8123946,14,924.07859303
p_179318,-122.4012136,37.8120217,15,1358.75181478
p_179318,-122.4012136,37.8120217,16,1358.75181478
p_179318,-122.3982739,37.811191,17,1633.54226051
p_179318,-122.3982739,37.811191,18,1633.54226051
p_179318,-122.3961926,37.8102925,19,1842.19278769
p_179318,-122.3937249,37.8075801,20,2213.48369124
p_179318,-122.3937249,37.8075801,21,2213.48369124
p_179318,-122.3916435,37.8048506,22,2567.57200540
p_179318,-122.3916435,37.8048506,23,2567.57200540
p_179318,-122.3901415,37.8015445,24,2957.63813989
p_179318,-122.3901415,37.8015445,25,2957.63813989
p_179318,-122.3903346,37.7984079,26,3306.19295586
p_179318,-122.393044553,37.796927986,27,3595.92842482
p_179318,-122.3931055398,37.7969041796,28,3601.91452666
p_179318,-122.3923584584,37.7973002811,29,3681.04916448
p_179318,-122.3880943289,37.8011983631,30,4253.96231721
p_179318,-122.3871121701,37.8052441583,31,4711.27066089
p_179318,-122.3867613991,37.8124495453,32,5511.61347435
p_179318,-122.3882730256,37.8245737103,33,6863.87741401
p_179318,-122.4374356275,37.9675937647,34,23316.72507724
p_179318,-122.3968513716,38.0059881663,35,28873.03311041
p_179318,-122.3639598222,38.0505534021,36,34600.90602425
p_179318,-122.3520698654,38.0572559987,37,35882.51027831
p_179318,-122.3259425912,38.06182752,38,38230.95160785
p_179318,-122.2606032534,38.0621674241,39,43965.15563493
p_179318,-122.2476027257,38.0645524413,40,45136.35235381
p_179318,-122.2454130134,38.0662764178,41,45407.53851166
p_179318,-122.2452717416,38.069724249,42,45790.44079804
p_179318,-122.2442122034,38.0733943424,43,46208.28759763
p_179318,-122.2462760033,38.0783125352,44,46783.44617092
p_179318,-122.2536572251,38.0876358597,45,48004.23161898
p_179318,-122.2631057428,38.0966745503,46,49305.59828358
p_179318,-122.2643079153,38.0982787462,47,49512.54301430
p_179318,-122.2642556469,38.0989471508,48,49586.87633589
p_179318,-122.2638618174,38.0993505172,49,49643.42664005
p_179318,-122.2631119128,38.0998710539,50,49730.97642781
p_179318,-122.2631100259,38.0998698893,51,49731.18643772
p_179318,-122.2686879424,38.1013683761,52,50247.93883449
p_179319,-122.2687256036,38.1013794901,1,0.00000000
p_179319,-122.2675619668,38.1013584398,2,102.09098368
p_179319,-122.2659887,38.100677,3,259.45550815
p_179319,-122.2659887,38.100677,4,259.45550815
p_179319,-122.263959838,38.0997832213,5,463.19790511
p_179319,-122.2631439547,38.099863916,6,535.32004929
p_179319,-122.2631195646,38.0998630346,7,537.46161917
p_179319,-122.2635841,38.0997462,8,580.22154875
p_179319,-122.2638845,38.0990033,9,666.78970417
p_179319,-122.2632459,38.0983052,10,762.40359082
p_179319,-122.2631121,38.098159,11,782.43074940
p_179319,-122.2591773,38.0942475,12,1337.07730371
p_179319,-122.2590351,38.0941062,13,1357.11688712
p_179319,-122.2544896,38.0890518,14,2045.41324334
p_179319,-122.2543573,38.0889047,15,2065.44575289
p_179319,-122.2491633,38.0828055,16,2881.51138657
p_179319,-122.2490358,38.0826558,17,2901.54217824
p_179319,-122.2460789,38.0772139,18,3558.93704851
p_179319,-122.2459888,38.0770481,19,3578.96659551
p_179319,-122.2457873,38.0742552,20,3889.47640325
p_179319,-122.2457743,38.0740752,21,3909.48855671
p_179319,-122.2457329,38.069154,22,4455.74316817
p_179319,-122.2457329,38.069154,23,4455.74316817
p_179319,-122.2457314,38.0689737,24,4475.75650146
p_179319,-122.246933,38.0655613,25,4868.92818498
p_179319,-122.2514733,38.0627665,26,5373.89059153
p_179319,-122.2516537,38.0626555,27,5393.95140412
p_179319,-122.2584717,38.0611171,28,6016.17891158
p_179319,-122.2586918,38.0610674,29,6036.26711098
p_179319,-122.2652896,38.0601853,30,6623.51058991
p_179319,-122.2655153,38.0601551,31,6643.59981382
p_179319,-122.288423,38.0562398,32,8700.48358473
p_179319,-122.2886467,38.0562016,33,8720.56934059
p_179319,-122.3160594,38.0520454,34,11170.35284511
p_179319,-122.3162842,38.0520112,35,11190.44548382
p_179319,-122.3670431,38.0440707,36,15732.15607388
p_179319,-122.3672676,38.0440355,37,15752.24624572
p_179319,-122.3892102,38.0347918,38,17934.70591921
p_179319,-122.3894119,38.0347068,39,17954.77002207
p_179319,-122.4050685,38.018084,40,20255.64487553
p_179319,-122.4052048,38.0179392,41,20275.68404541
p_179319,-122.4170967,38.0034833,42,22190.16959435
p_179319,-122.4172211,38.0033321,43,22210.19539025
p_179319,-122.4375265,37.9780502,44,25535.30057279
p_179319,-122.4376488,37.9778979,45,25555.33121249
p_179319,-122.4451156,37.9634497,46,27288.03944705
p_179319,-122.4452019,37.9632827,47,27308.06710116
p_179319,-122.4463847,37.9519577,48,28569.38371228
p_179319,-122.4464035,37.951778,49,28589.39793837
p_179319,-122.4325986,37.9293316,50,31360.65705705
p_179319,-122.4324989,37.9291695,51,31380.67089769
p_179319,-122.4108235,37.9031829,52,34837.88994348
p_179319,-122.4106979,37.9030323,53,34857.92584922
p_179319,-122.3917514,37.8751477,54,38373.15834911
p_179319,-122.3916435,37.8749889,55,38393.17812802
p_179319,-122.3858534,37.8529398,56,40892.96631650
p_179319,-122.385807,37.8527633,57,40912.97778051
p_179319,-122.3835978,37.835049,58,42888.74231731
p_179319,-122.3835754,37.8348696,59,42908.75192037
p_179319,-122.3812038,37.8214893,60,44408.47924299
p_179319,-122.3811722,37.8213108,61,44428.48591044
p_179319,-122.3794869,37.8117255,62,45502.68614041
p_179319,-122.3794556,37.811547,63,45522.68916917
p_179319,-122.3809504,37.8062979,64,46119.98678779
p_179319,-122.3810005,37.8061221,65,46139.99189907
p_179319,-122.3884379267,37.8006993342,66,47029.52968219
p_179319,-122.3895237344,37.7995423949,67,47189.63651271
p_179319,-122.3925660968,37.7971534895,68,47566.59977367
p_179319,-122.3930875233,37.7969006564,69,47620.41922974
p_179319,-122.3930893906,37.7969240213,70,47623.01777200
p_179319,-122.3873229,37.8008952,71,48295.48081526
p_179319,-122.3871803,37.8010359,72,48315.52080245
p_179319,-122.3854819,37.803656,73,48642.54387246
p_179319,-122.3853779,37.8038164,74,48662.56486599
p_179319,-122.3853779,37.8067556,75,48988.79488984
p_179319,-122.3853779,37.8069359,76,49008.80689614
p_179319,-122.3872393,37.8095255,77,49339.68880809
p_179319,-122.387352,37.8096822,78,49359.71361334
p_179319,-122.3913114,37.8128429,79,49854.31490970
p_179319,-122.3914719,37.812971,80,49874.36221652
p_179319,-122.3956975,37.8150128,81,50310.02591560
p_179319,-122.3958921,37.8151069,82,50330.09319312
p_179319,-122.3998844,37.8162976,83,50705.64467752
p_179319,-122.4000978,37.8163613,84,50725.72093949
p_179319,-122.4040805,37.8170355,85,51084.29546413
p_179319,-122.4043036,37.8170732,86,51104.38019251
p_179319,-122.407852,37.8170414,87,51416.83747888
p_179319,-122.4080801,37.8170393,88,51436.92308790
p_179319,-122.4108579,37.8167572,89,51683.50550270
p_179319,-122.4108579,37.8167572,90,51683.50550270
p_179319,-122.4110842,37.8167342,91,51703.59421348
p_179319,-122.4134445,37.8156493,92,51943.78639697
p_179319,-122.4146891,37.8138186,93,52174.65057318
p_179319,-122.4146222,37.8139909,94,52194.66137839
p_179319,-122.4146222,37.8139909,95,52194.66137839
p_179319,-122.4146891,37.8138186,96,52214.67218360
p_179319,-122.413702,37.8113097,97,52506.39235154
p_179319,-122.4122890538,37.8096083343,98,52732.53613321
p_179320,-122.2631195646,38.0998630346,1,0.00000000
p_179320,-122.2635841,38.0997462,2,42.75992958
p_179320,-122.2638845,38.0990033,3,129.32808500
p_179320,-122.2632459,38.0983052,4,224.94197165
p_179320,-122.2631121,38.098159,5,244.96913023
p_179320,-122.2591773,38.0942475,6,799.61568454
p_179320,-122.2590351,38.0941062,7,819.65526795
p_179320,-122.2544896,38.0890518,8,1507.95162417
p_179320,-122.2543573,38.0889047,9,1527.98413372
p_179320,-122.2491633,38.0828055,10,2344.04976740
p_179320,-122.2490358,38.0826558,11,2364.08055907
p_179320,-122.2460789,38.0772139,12,3021.47542934
p_179320,-122.2459888,38.0770481,13,3041.50497634
p_179320,-122.2457873,38.0742552,14,3352.01478408
p_179320,-122.2457743,38.0740752,15,3372.02693754
p_179320,-122.2457329,38.069154,16,3918.28154900
p_179320,-122.2457329,38.069154,17,3918.28154900
p_179320,-122.2457314,38.0689737,18,3938.29488229
p_179320,-122.246933,38.0655613,19,4331.46656581
p_179320,-122.2514733,38.0627665,20,4836.42897236
p_179320,-122.2516537,38.0626555,21,4856.48978495
p_179320,-122.2584717,38.0611171,22,5478.71729241
p_179320,-122.2586918,38.0610674,23,5498.80549181
p_179320,-122.2652896,38.0601853,24,6086.04897074
p_179320,-122.2655153,38.0601551,25,6106.13819465
p_179320,-122.288423,38.0562398,26,8163.02196556
p_179320,-122.2886467,38.0562016,27,8183.10772142
p_179320,-122.3160594,38.0520454,28,10632.89122594
p_179320,-122.3162842,38.0520112,29,10652.98386465
p_179320,-122.3670431,38.0440707,30,15194.69445471
p_179320,-122.3672676,38.0440355,31,15214.78462655
p_179320,-122.3892102,38.0347918,32,17397.24430004
p_179320,-122.3894119,38.0347068,33,17417.30840290
p_179320,-122.4050685,38.018084,34,19718.18325636
p_179320,-122.4052048,38.0179392,35,19738.22242624
p_179320,-122.4170967,38.0034833,36,21652.70797518
p_179320,-122.4172211,38.0033321,37,21672.73377108
p_179320,-122.4375265,37.9780502,38,24997.83895362
p_179320,-122.4376488,37.9778979,39,25017.86959332
p_179320,-122.4451156,37.9634497,40,26750.57782788
p_179320,-122.4452019,37.9632827,41,26770.60548199
p_179320,-122.4463847,37.9519577,42,28031.92209311
p_179320,-122.4464035,37.951778,43,28051.93631920
p_179320,-122.4325986,37.9293316,44,30823.19543788
p_179320,-122.4324989,37.9291695,45,30843.20927852
p_179320,-122.4108235,37.9031829,46,34300.42832431
p_179320,-122.4106979,37.9030323,47,34320.46423005
p_179320,-122.3917514,37.8751477,48,37835.69672994
p_179320,-122.3916435,37.8749889,49,37855.71650885
p_179320,-122.3858534,37.8529398,50,40355.50469733
p_179320,-122.385807,37.8527633,51,40375.51616134
p_179320,-122.3835978,37.835049,52,42351.28069814
p_179320,-122.3835754,37.8348696,53,42371.29030120
p_179320,-122.3812038,37.8214893,54,43871.01762382
p_179320,-122.3811722,37.8213108,55,43891.02429127
p_179320,-122.3794869,37.8117255,56,44965.22452124
p_179320,-122.3794556,37.811547,57,44985.22755000
p_179320,-122.3809504,37.8062979,58,45582.52516862
p_179320,-122.3810005,37.8061221,59,45602.53027990
p_179320,-122.3884379267,37.8006993342,60,46492.06806302
p_179320,-122.3895237344,37.7995423949,61,46652.17489354
p_179320,-122.3925660968,37.7971534895,62,47029.13815450
p_179320,-122.3930875233,37.7969006564,63,47082.95761057
p_179320,-122.3930893906,37.7969240213,64,47085.55615283
p_179320,-122.3873229,37.8008952,65,47758.01919609
p_179320,-122.3871803,37.8010359,66,47778.05918328
p_179320,-122.3854819,37.803656,67,48105.08225329
p_179320,-122.3853779,37.8038164,68,48125.10324682
p_179320,-122.3853779,37.8067556,69,48451.33327067
p_179320,-122.3853779,37.8069359,70,48471.34527697
p_179320,-122.3872393,37.8095255,71,48802.22718892
p_179320,-122.387352,37.8096822,72,48822.25199417
p_179320,-122.3913114,37.8128429,73,49316.85329053
p_179320,-122.3914719,37.812971,74,49336.90059735
p_179320,-122.3956975,37.8150128,75,49772.56429643
p_179320,-122.3958921,37.8151069,76,49792.63157395
p_179320,-122.3998844,37.8162976,77,50168.18305835
p_179320,-122.4000978,37.8163613,78,50188.25932032
p_179320,-122.4040805,37.8170355,79,50546.83384496
p_179320,-122.4043036,37.8170732,80,50566.91857334
p_179320,-122.407852,37.8170414,81,50879.37585971
p_179320,-122.4080801,37.8170393,82,50899.46146873
p_179320,-122.4108579,37.8167572,83,51146.04388353
p_179320,-122.4108579,37.8167572,84,51146.04388353
p_179320,-122.4110842,37.8167342,85,51166.13259431
p_179320,-122.4134445,37.8156493,86,51406.32477780
p_179320,-122.4146891,37.8138186,87,51637.18895401
p_179320,-122.4146222,37.8139909,88,51657.19975922
p_179320,-122.4146222,37.8139909,89,51657.19975922
p_179320,-122.4146891,37.8138186,90,51677.21056443
p_179320,-122.413702,37.8113097,91,51968.93073237
p_179320,-122.4122890538,37.8096083343,92,52195.07451404
p_179321,-122.3920582,37.7959239,1,0.00000000
p_179321,-122.3920582,37.7959239,2,0.00000000
p_179321,-122.3920582,37.7959239,3,0.00000000
p_179321,-122.3849487,37.8009681,4,839.95085266
p_179321,-122.3849487,37.8009681,5,839.95085266
p_179321,-122.3787689,37.8038842,6,1473.16239457
p_179321,-122.3787689,37.8038842,7,1473.16239457
p_179321,-122.3732758,37.8046302,8,1963.94954226
p_179321,-122.3732758,37.8046302,9,1963.94954226
p_179321,-122.3367977,37.7999508,10,5218.20725593
p_179321,-122.3367977,37.7999508,11,5218.20725593
p_179321,-122.3134518,37.7947963,12,7352.47370231
p_179321,-122.3134518,37.7947963,13,7352.47370231
p_179321,-122.3007488,37.7920154,14,8513.12650690
p_179321,-122.2800007,37.7949637,15,10369.64956018
p_179321,-122.2800007,37.7949637,16,10369.64956018
p_179321,-122.2800007,37.7949637,17,10369.64956018
p_179321,-122.2800007,37.7949637,18,10369.64956018
p_179321,-122.2800007,37.7949637,19,10369.64956018
p_179321,-122.2800007,37.7949637,20,10369.64956018
p_179321,-122.2800007,37.7949637,21,10369.64956018
p_179321,-122.2797772,37.795032,22,10390.74388760
p_179321,-122.280128,37.7944741,23,10459.94701425
p_179321,-122.2805679,37.7940841,24,10518.04144690
p_179321,-122.2805679,37.7940841,25,10518.04144690
p_179321,-122.2809756,37.7939146,26,10558.58045328
p_179321,-122.2809756,37.7939146,27,10558.58045328
p_179321,-122.2825205,37.7936009,28,10699.03604700
p_179321,-122.2825205,37.7936009,29,10699.03604700
p_179321,-122.2847843,37.7932109,30,10903.07231164
p_179321,-122.2847843,37.7932109,31,10903.07231164
p_179321,-122.2869287,37.7928464,32,11096.23264152
p_179321,-122.2869287,37.7928464,33,11096.23264152
p_179321,-122.2869287,37.7928464,34,11096.23264152
p_179321,-122.2869287,37.7928464,35,11096.23264152
p_179321,-122.293539,37.7916,36,11694.67542948
p_179321,-122.2939789,37.7914304,37,11737.75276332
p_179321,-122.2939789,37.7914304,38,11737.75276332
p_179321,-122.2939789,37.7914304,39,11737.75276332
p_179321,-122.2941828,37.79121,40,11768.10035000
p_179321,-122.2941828,37.79121,41,11768.10035000
p_179322,-122.3920582,37.7959236,1,0.00000000
p_179322,-122.3920582,37.7959236,2,0.00000000
p_179322,-122.3920582,37.7959236,3,0.00000000
p_179322,-122.3920582,37.7959236,4,0.00000000
p_179322,-122.3898411,37.7970006,5,228.95434175
p_179322,-122.3865366,37.7983231,6,554.91412341
p_179322,-122.3865366,37.7983231,7,554.91412341
p_179322,-122.3825455,37.7998151,8,943.47258272
p_179322,-122.3825455,37.7998151,9,943.47258272
p_179322,-122.3797989,37.8009002,10,1213.69038144
p_179322,-122.3797989,37.8009002,11,1213.69038144
p_179322,-122.375164,37.8019853,12,1639.27740027
p_179322,-122.375164,37.8019853,13,1639.27740027
p_179322,-122.3707008,37.802121,14,2032.63107269
p_179322,-122.3707008,37.802121,15,2032.63107269
p_179322,-122.3656368,37.8022566,16,2478.86062125
p_179322,-122.3656368,37.8022566,17,2478.86062125
p_179322,-122.3601437,37.8018497,18,2964.73064879
p_179322,-122.3601437,37.8018497,19,2964.73064879
p_179322,-122.3398876,37.7999508,20,4761.08030689
p_179322,-122.3398876,37.7999508,21,4761.08030689
p_179322,-122.3298454,37.7984587,22,5660.88307140
p_179322,-122.3298454,37.7984587,23,5660.88307140
p_179322,-122.3298454,37.7984587,24,5660.88307140
p_179322,-122.3094177,37.7935076,25,7542.11081812
p_179322,-122.3094177,37.7935076,26,7542.11081812
p_179322,-122.3017788,37.7923037,27,8228.07722053
p_179322,-122.3017788,37.7923037,28,8228.07722053
p_179322,-122.2996545,37.7920324,29,8417.59263193
p_179322,-122.2996545,37.7920324,30,8417.59263193
p_179322,-122.29738,37.7917611,31,8620.18118666
p_179322,-122.29738,37.7917611,32,8620.18118666
p_179322,-122.2954273,37.7915407,33,8793.90669001
p_179322,-122.2954273,37.7915407,34,8793.90669001
p_179322,-122.2954273,37.7915407,35,8793.90669001
p_179322,-122.2954273,37.7915407,36,8793.90669001
p_179322,-122.2944939,37.7913541,37,8878.68976232
p_179322,-122.2941663733,37.791211389,38,8911.60108692
p_179332,-122.4120515,37.8100238,1,0.00000000
p_179332,-122.4120515,37.8100238,2,0.00000000
p_179332,-122.4130253,37.8116912,3,203.97030287
p_179332,-122.4130797,37.8117843,4,215.36006704
p_179332,-122.4128515,37.8125659,5,304.40896289
p_179332,-122.4128222,37.8126658,6,315.79336362
p_179332,-122.4120343,37.8132883,7,413.70783632
p_179332,-122.4119425,37.8133609,8,425.12161720
p_179332,-122.4101962,37.8139159,9,590.77079611
p_179332,-122.4100757,37.8139542,10,602.20118973
p_179332,-122.4067067,37.8143297,11,901.76743110
p_179332,-122.4065781,37.8143441,12,913.20334410
p_179332,-122.4035958,37.814604,13,1177.38431511
p_179332,-122.4034667,37.8146153,14,1188.82095327
p_179332,-122.3995411,37.8146481,15,1534.50132190
p_179332,-122.3994112,37.8146492,16,1545.94006686
p_179332,-122.395741,37.814125,17,1874.30924856
p_179332,-122.3956132,37.8141067,18,1885.74435153
p_179332,-122.3916864,37.8120047,19,2302.86788015
p_179332,-122.3887977,37.809821,20,2654.22340412
p_179332,-122.3887038,37.80975,21,2665.64592624
p_179332,-122.3872672,37.8078043,22,2915.93024890
p_179332,-122.3872018,37.8077157,23,2927.32653481
p_179332,-122.3865462,37.8056114,24,3167.91849423
p_179332,-122.3865151,37.8055118,25,3179.30758486
p_179332,-122.3862308,37.8037148,26,3380.32687573
p_179332,-122.3862147,37.8036129,27,3391.72556513
p_179332,-122.3861946,37.8020201,28,3568.52367695
p_179332,-122.3861933,37.8019175,29,3579.91210681
p_179332,-122.38684,37.8003366,30,3764.39231442
p_179332,-122.3868799,37.800239,31,3775.78088915
p_179332,-122.3888365356,37.7967217881,32,4202.50827219
p_179332,-122.3915049852,37.7951644117,33,4494.25495619
p_179332,-122.3920582,37.7959239,34,4591.62122443
p_179332,-122.3920582,37.7959239,35,4591.62122443
p_179332,-122.3920582,37.7959239,36,4591.62122443
p_179332,-122.3849487,37.8009681,37,5431.57207709
p_179332,-122.3849487,37.8009681,38,5431.57207709
p_179332,-122.3787689,37.8038842,39,6064.78361900
p_179332,-122.3787689,37.8038842,40,6064.78361900
p_179332,-122.3732758,37.8046302,41,6555.57076669
p_179332,-122.3732758,37.8046302,42,6555.57076669
p_179332,-122.3367977,37.7999508,43,9809.82848036
p_179332,-122.3367977,37.7999508,44,9809.82848036
p_179332,-122.3134518,37.7947963,45,11944.09492674
p_179332,-122.3134518,37.7947963,46,11944.09492674
p_179332,-122.3007488,37.7920154,47,13104.74773133
p_179332,-122.2800007,37.7949637,48,14961.27078461
p_179332,-122.2800007,37.7949637,49,14961.27078461
p_179332,-122.2800007,37.7949637,50,14961.27078461
p_179332,-122.2800007,37.7949637,51,14961.27078461
p_179332,-122.2800007,37.7949637,52,14961.27078461
p_179332,-122.2800007,37.7949637,53,14961.27078461
p_179332,-122.2800007,37.7949637,54,14961.27078461
p_179332,-122.2797772,37.795032,55,14982.36511203
p_179332,-122.280128,37.7944741,56,15051.56823868
p_179332,-122.2805679,37.7940841,57,15109.66267133
p_179332,-122.2805679,37.7940841,58,15109.66267133
p_179332,-122.2809756,37.7939146,59,15150.20167771
p_179332,-122.2809756,37.7939146,60,15150.20167771
p_179332,-122.2825205,37.7936009,61,15290.65727143
p_179332,-122.2825205,37.7936009,62,15290.65727143
p_179332,-122.2847843,37.7932109,63,15494.69353607
p_179332,-122.2847843,37.7932109,64,15494.69353607
p_179332,-122.2869287,37.7928464,65,15687.85386595
p_179332,-122.2869287,37.7928464,66,15687.85386595
p_179332,-122.2869287,37.7928464,67,15687.85386595
p_179332,-122.2869287,37.7928464,68,15687.85386595
p_179332,-122.293539,37.7916,69,16286.29665391
p_179332,-122.2939789,37.7914304,70,16329.37398775
p_179332,-122.2939789,37.7914304,71,16329.37398775
p_179332,-122.2939789,37.7914304,72,16329.37398775
p_179332,-122.2941828,37.79121,73,16359.72157443
p_179332,-122.2941828,37.79121,74,16359.72157443
p_179365,-122.294198615,37.7912186168,1,0.00000000
p_179365,-122.2942472,37.7913202,2,12.05978317
p_179365,-122.2942472,37.7913202,3,12.05978317
p_179365,-122.2942472,37.7913202,4,12.05978317
p_179365,-122.2942472,37.7913202,5,12.05978317
p_179365,-122.2943759,37.7915067,6,35.66060733
p_179365,-122.2947407,37.7916424,7,71.14728101
p_179365,-122.2947407,37.7916424,8,71.14728101
p_179365,-122.2947407,37.7916424,9,71.14728101
p_179365,-122.2957277,37.7917102,10,158.40767506
p_179365,-122.2957277,37.7917102,11,158.40767506
p_179365,-122.2957277,37.7917102,12,158.40767506
p_179365,-122.2957277,37.7917102,13,158.40767506
p_179365,-122.305212,37.7925581,14,999.06730492
p_179365,-122.3117566,37.7936941,15,1589.13543873
p_179365,-122.3117566,37.7936941,16,1589.13543873
p_179365,-122.3311758,37.7982213,17,3371.77193876
p_179365,-122.3311758,37.7982213,18,3371.77193876
p_179365,-122.342248,37.8005103,19,4379.46720915
p_179365,-122.342248,37.8005103,20,4379.46720915
p_179365,-122.3557019,37.8026296,21,5587.45702131
p_179365,-122.3557019,37.8026296,22,5587.45702131
p_179365,-122.3697138,37.8040707,23,6831.75929187
p_179365,-122.3697138,37.8040707,24,6831.75929187
p_179365,-122.3711944,37.8041385,25,6962.36617910
p_179365,-122.3723531,37.8039012,26,7067.75229028
p_179365,-122.3723531,37.8039012,27,7067.75229028
p_179365,-122.3723531,37.8039012,28,7067.75229028
p_179365,-122.3723531,37.8039012,29,7067.75229028
p_179365,-122.3723531,37.8039012,30,7067.75229028
p_179365,-122.3915129267,37.7951527966,31,9014.61208720
p_179366,-122.2941637391,37.7912090376,1,0.00000000
p_179366,-122.294184,37.791308,2,11.12811301
p_179366,-122.294018,37.791895,3,77.90121916
p_179366,-122.280384,37.793726,4,1295.84532665
p_179366,-122.280057,37.793921,5,1331.87262558
p_179366,-122.280046,37.794188,6,1361.52347831
p_179366,-122.280148,37.794442,7,1391.11242053
p_179366,-122.279777,37.795032,8,1464.29793116
p_179366,-122.279777,37.795032,9,1464.29793116
p_179366,-122.2797896,37.7950147,10,1466.51573025
p_179366,-122.2797896,37.7950147,11,1466.51573025
p_179366,-122.280069,37.7943594,12,1543.29945263
p_179366,-122.2800851,37.7943215,13,1547.73865179
p_179366,-122.280233,37.7941024,14,1575.32635821
p_179366,-122.2802567,37.7940672,15,1579.75598151
p_179366,-122.2804068,37.7939947,16,1595.23285578
p_179366,-122.2804499,37.7939739,17,1599.67589076
p_179366,-122.2812256,37.7939341,18,1668.14037926
p_179366,-122.281276,37.7939315,19,1672.58886382
p_179366,-122.2837147,37.793782,20,1888.02407050
p_179366,-122.2837651,37.7937789,21,1892.47650870
p_179366,-122.2858606,37.7936133,22,2077.95680346
p_179366,-122.2859108,37.7936094,23,2082.39946014
p_179366,-122.288661,37.7933013,24,2327.03414499
p_179366,-122.2887111,37.7932957,25,2331.49043380
p_179366,-122.2925558,37.7927935,26,2674.68354550
p_179366,-122.2925558,37.7927935,27,2674.68354550
p_179366,-122.2925558,37.7927935,28,2674.68354550
p_179366,-122.2925558,37.7927935,29,2674.68354550
p_179366,-122.2926056,37.792787,30,2679.12881598
p_179366,-122.2993574,37.792341,31,3275.87932834
p_179366,-122.2994077,37.7923376,32,3280.32577310
p_179366,-122.3030663,37.7924055,33,3602.66161500
p_179366,-122.3066533,37.7928235,34,3921.99012162
p_179366,-122.3067033,37.7928294,35,3926.44249209
p_179366,-122.3258164,37.7970745,36,5674.55250160
p_179366,-122.325865,37.7970853,37,5678.99757693
p_179366,-122.3306342,37.7982939,38,6119.93703873
p_179366,-122.3306823,37.7983061,39,6124.38448035
p_179366,-122.3327253,37.7987035,40,6309.64357559
p_179366,-122.3327744,37.798713,41,6314.09460879
p_179366,-122.3352243,37.7990288,42,6532.69024518
p_179366,-122.3352742,37.7990352,43,6537.14205772
p_179366,-122.3389367,37.7995705,44,6865.12945318
p_179366,-122.3389864,37.7995778,45,6869.58094071
p_179366,-122.3491573,37.8006629,46,7773.39580931
p_179366,-122.3603938,37.8015406,47,8767.76838096
p_179366,-122.3604441,37.8015445,48,8772.21933228
p_179366,-122.3673459,37.8018811,49,9381.19709536
p_179366,-122.3673964,37.8018836,50,9385.65318865
p_179366,-122.3719025,37.8021549,51,9783.63751058
p_179366,-122.3758436,37.8016861,52,10134.60164870
p_179366,-122.3758936,37.8016801,53,10139.05514549
p_179366,-122.3794502,37.8008103,54,10466.82163892
p_179366,-122.3794985,37.8007985,55,10471.27245918
p_179366,-122.3836613,37.799476,56,10866.18535138
p_179366,-122.3920564287,37.7959015206,57,11705.28897573
p_179366,-122.3915207242,37.7951487125,58,11801.24638505
p_179366,-122.3900986,37.7971701,59,12058.20061655
p_179366,-122.3900986,37.7971701,60,12058.20061655
p_179366,-122.388382,37.7988317,61,12296.67468904
p_179366,-122.388382,37.7988317,62,12296.67468904
p_179366,-122.3871803,37.8015784,63,12619.38613143
p_179366,-122.3871803,37.8015784,64,12619.38613143
p_179366,-122.3870945,37.8051388,65,13014.63698258
p_179366,-122.3897982,37.8089363,66,13498.73075540
p_179366,-122.3897982,37.8089363,67,13498.73075540
p_179366,-122.3932314,37.8113775,68,13904.70577857
p_179366,-122.3932314,37.8113775,69,13904.70577857
p_179366,-122.3995829,37.8131066,70,14496.00489807
p_179366,-122.3995829,37.8131066,71,14496.00489807
p_179366,-122.4045181,37.8142593,72,14949.01253752
p_179366,-122.4045181,37.8142593,73,14949.01253752
p_179366,-122.4060631,37.8144627,74,15086.91554880
p_179366,-122.4060631,37.8144627,75,15086.91554880
p_179366,-122.4077368,37.8147001,76,15236.62716069
p_179366,-122.4115562,37.8138525,77,15585.84926087
p_179366,-122.4115562,37.8138525,78,15585.84926087
p_179366,-122.4131012,37.8127337,79,15770.04616809
p_179366,-122.4131012,37.8127337,80,15770.04616809
p_179366,-122.4132299,37.8113436,81,15924.75307337
p_179366,-122.4132299,37.8113436,82,15924.75307337
p_179366,-122.4130583,37.8106994,83,15997.83394971
p_179366,-122.4122692,37.8095996,84,16138.29571460
p_179370,-122.2941637391,37.7912090376,1,0.00000000
p_179370,-122.294184,37.791308,2,11.12811301
p_179370,-122.294018,37.791895,3,77.90121916
p_179370,-122.280384,37.793726,4,1295.84532665
p_179370,-122.280057,37.793921,5,1331.87262558
p_179370,-122.280046,37.794188,6,1361.52347831
p_179370,-122.280148,37.794442,7,1391.11242053
p_179370,-122.279777,37.795032,8,1464.29793116
p_179370,-122.279777,37.795032,9,1464.29793116
p_179370,-122.2797896,37.7950147,10,1466.51573025
p_179370,-122.2797896,37.7950147,11,1466.51573025
p_179370,-122.280069,37.7943594,12,1543.29945263
p_179370,-122.2800851,37.7943215,13,1547.73865179
p_179370,-122.280233,37.7941024,14,1575.32635821
p_179370,-122.2802567,37.7940672,15,1579.75598151
p_179370,-122.2804068,37.7939947,16,1595.23285578
p_179370,-122.2804499,37.7939739,17,1599.67589076
p_179370,-122.2812256,37.7939341,18,1668.14037926
p_179370,-122.281276,37.7939315,19,1672.58886382
p_179370,-122.2837147,37.793782,20,1888.02407050
p_179370,-122.2837651,37.7937789,21,1892.47650870
p_179370,-122.2858606,37.7936133,22,2077.95680346
p_179370,-122.2859108,37.7936094,23,2082.39946014
p_179370,-122.288661,37.7933013,24,2327.03414499
p_179370,-122.2887111,37.7932957,25,2331.49043380
p_179370,-122.2925558,37.7927935,26,2674.68354550
p_179370,-122.2925558,37.7927935,27,2674.68354550
p_179370,-122.2925558,37.7927935,28,2674.68354550
p_179370,-122.2925558,37.7927935,29,2674.68354550
p_179370,-122.2926056,37.792787,30,2679.12881598
p_179370,-122.2993574,37.792341,31,3275.87932834
p_179370,-122.2994077,37.7923376,32,3280.32577310
p_179370,-122.3030663,37.7924055,33,3602.66161500
p_179370,-122.3066533,37.7928235,34,3921.99012162
p_179370,-122.3067033,37.7928294,35,3926.44249209
p_179370,-122.3258164,37.7970745,36,5674.55250160
p_179370,-122.325865,37.7970853,37,5678.99757693
p_179370,-122.3306342,37.7982939,38,6119.93703873
p_179370,-122.3306823,37.7983061,39,6124.38448035
p_179370,-122.3327253,37.7987035,40,6309.64357559
p_179370,-122.3327744,37.798713,41,6314.09460879
p_179370,-122.3352243,37.7990288,42,6532.69024518
p_179370,-122.3352742,37.7990352,43,6537.14205772
p_179370,-122.3389367,37.7995705,44,6865.12945318
p_179370,-122.3389864,37.7995778,45,6869.58094071
p_179370,-122.3491573,37.8006629,46,7773.39580931
p_179370,-122.3603938,37.8015406,47,8767.76838096
p_179370,-122.3604441,37.8015445,48,8772.21933228
p_179370,-122.3673459,37.8018811,49,9381.19709536
p_179370,-122.3673964,37.8018836,50,9385.65318865
p_179370,-122.3719025,37.8021549,51,9783.63751058
p_179370,-122.3758436,37.8016861,52,10134.60164870
p_179370,-122.3758936,37.8016801,53,10139.05514549
p_179370,-122.3794502,37.8008103,54,10466.82163892
p_179370,-122.3794985,37.8007985,55,10471.27245918
p_179370,-122.3836613,37.799476,56,10866.18535138
p_179370,-122.3920564287,37.7959015206,57,11705.28897573
p_179372,-122.2941637391,37.7912090376,1,0.00000000
p_179372,-122.294184,37.791308,2,11.12811301
p_179372,-122.294018,37.791895,3,77.90121916
p_179372,-122.280384,37.793726,4,1295.84532665
p_179372,-122.280057,37.793921,5,1331.87262558
p_179372,-122.280046,37.794188,6,1361.52347831
p_179372,-122.280148,37.794442,7,1391.11242053
p_179372,-122.279777,37.795032,8,1464.29793116
p_179372,-122.279777,37.795032,9,1464.29793116
p_179372,-122.2798001,37.7950345,10,1466.35132986
p_179372,-122.2798001,37.7950345,11,1466.35132986
p_179372,-122.2798001,37.7950345,12,1466.35132986
p_179372,-122.2807235,37.7944614,13,1569.60241444
p_179372,-122.2807235,37.7944614,14,1569.60241444
p_179372,-122.283057,37.7939061,15,1784.17350279
p_179372,-122.283057,37.7939061,16,1784.17350279
p_179372,-122.2893709,37.7929608,17,2350.10189173
p_179372,-122.2893709,37.7929608,18,2350.10189173
p_179372,-122.2972941,37.7919985,19,3056.09862550
p_179372,-122.2972941,37.7919985,20,3056.09862550
p_179372,-122.3058128,37.7924902,21,3808.40505469
p_179372,-122.3173141,37.7953219,22,4869.05027323
p_179372,-122.3173141,37.7953219,23,4869.05027323
p_179372,-122.3463678,37.8011376,24,7508.04646342
p_179372,-122.3463678,37.8011376,25,7508.04646342
p_179372,-122.3818588,37.8082582,26,10731.93345672
p_179372,-122.3818588,37.8082582,27,10731.93345672
p_179372,-122.395463,37.8111571,28,11972.36205643
p_179372,-122.395463,37.8111571,29,11972.36205643
p_179372,-122.4044752,37.8128184,30,12787.08308025
p_179372,-122.4044752,37.8128184,31,12787.08308025
p_179372,-122.4081016,37.8135812,32,13117.43849022
p_179372,-122.4081016,37.8135812,33,13117.43849022
p_179372,-122.4125004,37.8124963,34,13523.06077094
p_179372,-122.4125004,37.8124963,35,13523.06077094
p_179372,-122.4134874,37.8107333,36,13737.17416534
p_179372,-122.412272,37.809594,37,13902.84029092
p_179372,-122.412272,37.809594,38,13902.84029092
p_179372,-122.412272,37.809594,39,13902.84029092
p_179372,-122.412272,37.809594,40,13902.84029092
p_179372,-122.412272,37.809594,41,13902.84029092
p_179372,-122.412272,37.809594,42,13902.84029092
p_179372,-122.412272,37.809594,43,13902.84029092
p_179372,-122.412272,37.809594,44,13902.84029092
p_179372,-122.412272,37.809594,45,13902.84029092
p_179372,-122.412272,37.809594,46,13902.84029092
p_179372,-122.412272,37.809594,47,13902.84029092
p_179372,-122.412272,37.809594,48,13902.84029092
p_179372,-122.412272,37.809594,49,13902.84029092
p_298484,-122.2687256036,38.1013794901,1,0.00000000
p_298484,-122.2675619668,38.1013584398,2,102.09098368
p_298484,-122.2659887,38.100677,3,259.45550815
p_298484,-122.2659887,38.100677,4,259.45550815
p_298484,-122.263959838,38.0997832213,5,463.19790511
p_298484,-122.2631439547,38.099863916,6,535.32004929
p_298484,-122.2630766052,38.0998843232,7,541.64688499
p_298484,-122.2636953428,38.0996485737,8,601.89765110
p_298484,-122.2643162106,38.0989483434,9,696.80200877
p_298484,-122.2643535435,38.0983754503,10,760.47645658
p_298484,-122.2636815506,38.0974499981,11,878.91027961
p_298484,-122.2488329926,38.0814958713,12,3077.26803021
p_298484,-122.2435493704,38.0733055471,13,4097.75359466
p_298484,-122.2445121538,38.068530466,14,4634.46789398
p_298484,-122.2717392723,38.0594117065,15,7229.35601484
p_298484,-122.3000333464,38.0622862255,16,9732.85459648
p_298484,-122.3301528446,38.0630048376,17,12377.27546591
p_298484,-122.3557087825,38.0572557432,18,14709.09877431
p_298484,-122.3812647204,38.0306603065,19,18416.77049998
p_298484,-122.4059079462,37.9975822407,20,22678.63520236
p_298484,-122.4360274444,37.9666479429,21,27013.54373407
p_298484,-122.435203219,37.9519122435,22,28650.74620268
p_298484,-122.4249978437,37.923741589,23,31903.70880454
p_298484,-122.4046583315,37.875972173,24,37499.50229663
p_298484,-122.4101345876,37.8188842615,25,43854.19976383
p_298484,-122.4126931038,37.8128588766,26,44559.89972398
p_298484,-122.4134724951,37.8116116127,27,44714.41514571
p_298484,-122.4133925575,37.8107590404,28,44809.30606500
p_298484,-122.412272,37.809594,29,44971.96533428
p_298484,-122.4135733,37.810835,30,45151.14079424
p_298484,-122.4135733,37.810835,31,45151.14079424
p_298484,-122.4135518,37.8112927,32,45201.97751217
p_298484,-122.4135518,37.8112927,33,45201.97751217
p_298484,-122.413187,37.8118013,34,45266.92832931
p_298484,-122.413187,37.8118013,35,45266.92832931
p_298484,-122.4118137,37.8121742,36,45394.74287982
p_298484,-122.4118137,37.8121742,37,45394.74287982
p_298484,-122.4105692,37.8122251,38,45504.47407163
p_298484,-122.4105692,37.8122251,39,45504.47407163
p_298484,-122.4105692,37.8122251,40,45504.47407163
p_298484,-122.4061275,37.8123946,41,45896.04392731
p_298484,-122.4061275,37.8123946,42,45896.04392731
p_298484,-122.4012136,37.8120217,43,46330.71714906
p_298484,-122.4012136,37.8120217,44,46330.71714906
p_298484,-122.3982739,37.811191,45,46605.50759479
p_298484,-122.3982739,37.811191,46,46605.50759479
p_298484,-122.3961926,37.8102925,47,46814.15812197
p_298484,-122.3937249,37.8075801,48,47185.44902552
p_298484,-122.3937249,37.8075801,49,47185.44902552
p_298484,-122.3916435,37.8048506,50,47539.53733968
p_298484,-122.3916435,37.8048506,51,47539.53733968
p_298484,-122.3901415,37.8015445,52,47929.60347417
p_298484,-122.3901415,37.8015445,53,47929.60347417
p_298484,-122.3903346,37.7984079,54,48278.15829014
p_298484,-122.393044553,37.796927986,55,48567.89375910
p_298487,-122.2941637391,37.7912090376,1,0.00000000
p_298487,-122.294184,37.791308,2,11.12811301
p_298487,-122.294018,37.791895,3,77.90121916
p_298487,-122.280384,37.793726,4,1295.84532665
p_298487,-122.280057,37.793921,5,1331.87262558
p_298487,-122.280046,37.794188,6,1361.52347831
p_298487,-122.280148,37.794442,7,1391.11242053
p_298487,-122.279777,37.795032,8,1464.29793116
p_298487,-122.279777,37.795032,9,1464.29793116
p_298487,-122.279777,37.795032,10,1464.29793116
p_298487,-122.280148,37.794442,11,1537.48344179
p_298487,-122.280051,37.794196,12,1566.09304279
p_298487,-122.280062,37.793923,13,1596.40950325
p_298487,-122.280357,37.793722,14,1630.65607749
p_298487,-122.286033,37.793126,15,2134.94596627
p_298487,-122.296783,37.791499,16,3098.86836307
p_298487,-122.298732,37.791221,17,3273.28867238
p_298487,-122.300888,37.791138,18,3463.41448576
p_298487,-122.303844,37.791348,19,3724.82272358
p_298487,-122.326888,37.796441,20,5831.73475115
p_298487,-122.330503,37.797395,21,6167.26856087
p_298487,-122.331611,37.797482,22,6265.33060109
p_298487,-122.332861,37.797206,23,6379.60523901
p_298487,-122.334581,37.796043,24,6578.63144593
p_298487,-122.338025,37.791488,25,7168.22239229
p_298487,-122.339388,37.787567,26,7619.68013978
p_298487,-122.334926,37.773281,27,9253.31104008
p_298487,-122.324624,37.740247,28,13030.53494043
p_298487,-122.337455,37.703509,29,17262.13581187
p_298487,-122.370703,37.664679,30,22475.09887871
p_298487,-122.3714,37.664407,31,22543.60640134
p_298487,-122.372612,37.664203,32,22652.91352130
p_298487,-122.377129,37.664237,33,23051.47274546
p_298487,-122.377274,37.664139,34,23068.26515704
p_298487,-122.377269,37.663774,35,23108.77895550
p_298487,-122.3772452,37.662676,36,23230.66419121
p_298488,-122.3930893906,37.7969240213,1,0.00000000
p_298488,-122.3873229,37.8008952,2,672.46304326
p_298488,-122.3871803,37.8010359,3,692.50303045
p_298488,-122.3854819,37.803656,4,1019.52610046
p_298488,-122.3853779,37.8038164,5,1039.54709399
p_298488,-122.3853779,37.8067556,6,1365.77711784
p_298488,-122.3853779,37.8069359,7,1385.78912414
p_298488,-122.3872393,37.8095255,8,1716.67103609
p_298488,-122.387352,37.8096822,9,1736.69584134
p_298488,-122.3913114,37.8128429,10,2231.29713770
p_298488,-122.3914719,37.812971,11,2251.34444452
p_298488,-122.3956975,37.8150128,12,2687.00814360
p_298488,-122.3958921,37.8151069,13,2707.07542112
p_298488,-122.3998844,37.8162976,14,3082.62690552
p_298488,-122.4000978,37.8163613,15,3102.70316749
p_298488,-122.4040805,37.8170355,16,3461.27769213
p_298488,-122.4043036,37.8170732,17,3481.36242051
p_298488,-122.407852,37.8170414,18,3793.81970688
p_298488,-122.4080801,37.8170393,19,3813.90531590
p_298488,-122.4108579,37.8167572,20,4060.48773070
p_298488,-122.4108579,37.8167572,21,4060.48773070
p_298488,-122.4110842,37.8167342,22,4080.57644148
p_298488,-122.4134445,37.8156493,23,4320.76862497
p_298488,-122.4146891,37.8138186,24,4551.63280118
p_298488,-122.4146222,37.8139909,25,4571.64360639
p_298488,-122.4146222,37.8139909,26,4571.64360639
p_298488,-122.4146891,37.8138186,27,4591.65441160
p_298488,-122.413702,37.8113097,28,4883.37457954
p_298488,-122.4122890538,37.8096083343,29,5109.51836121
p_298488,-122.412273465,37.809593566,30,5111.65642384
p_298488,-122.4159626,37.8128176,31,5594.96127190
p_298488,-122.4158907,37.8128693,32,5603.50598936
p_298488,-122.41635,37.8156071,33,5910.06199780
p_298488,-122.4163628,37.8156832,34,5918.58342732
p_298488,-122.4131541,37.8195853,35,6435.69154828
p_298488,-122.4131012,37.8196497,36,6444.22309922
p_298488,-122.3891299,37.8429441,37,9781.61332061
p_298488,-122.3890686,37.8430037,38,9790.14991452
p_298488,-122.376709,37.8608954,39,12054.40881687
p_298488,-122.376709,37.8745824,40,13573.58335715
p_298488,-122.3766936,37.8745066,41,13582.10511289
p_298488,-122.376709,37.8745824,42,13590.62686863
p_298488,-122.3873914,37.8911774,43,15658.45477043
p_298488,-122.3875237,37.8913827,44,15684.04153974
p_298488,-122.4551582,37.9496123,45,24466.90071206
p_298488,-122.4560165,37.9627414,46,25926.12460516
p_298488,-122.4560867,37.9625178,47,25951.69845384
p_298488,-122.4560867,37.9625178,48,25951.69845384
p_298488,-122.4560165,37.9627414,49,25977.27230252
p_298488,-122.4431419,37.9742444,50,27683.14504197
p_298488,-122.4152337,37.9937085,51,30950.97681060
p_298488,-122.4144745,37.9939982,52,31025.01241592
p_298488,-122.3550797,38.0324082,53,37761.59875166
p_298488,-122.3353386,38.0410613,54,39742.99820413
p_298488,-122.335555,38.0409993,55,39763.20268101
p_298488,-122.3353386,38.0410613,56,39783.40715789
p_298488,-122.3072368,38.0475325,57,42352.62165890
p_298488,-122.3072368,38.0475325,58,42352.62165890
p_298488,-122.3059845,38.0478207,59,42467.10321251
p_298488,-122.2723389,38.0553905,60,45537.41357839
p_298488,-122.2477316,38.0661114,61,48003.11437378
p_298488,-122.2465897,38.0666087,62,48117.51751701
p_298488,-122.2450447,38.071609,63,48688.85795674
p_298488,-122.2447099,38.0752464,64,49093.66894069
p_298488,-122.2446156,38.0762711,65,49207.70905467
p_298488,-122.2612195,38.0955024,66,51791.99497078
p_298488,-122.2619534,38.0963521,67,51906.18629944
p_298488,-122.2637773,38.098598,68,52202.39801522
p_298488,-122.2635452,38.0988662,69,52238.46335939
p_298488,-122.2628104,38.0997154,70,52352.65177342
p_298488,-122.2625327,38.100219,71,52413.62703127
p_298488,-122.2625860632,38.1001490482,72,52422.69325209
p_298489,-122.2630766052,38.0998843232,1,0.00000000
p_298489,-122.2636953428,38.0996485737,2,60.25076611
p_298489,-122.2643162106,38.0989483434,3,155.15512378
p_298489,-122.2643535435,38.0983754503,4,218.82957159
p_298489,-122.2636815506,38.0974499981,5,337.26339462
p_298489,-122.2488329926,38.0814958713,6,2535.62114522
p_298489,-122.2435493704,38.0733055471,7,3556.10670967
p_298489,-122.2445121538,38.068530466,8,4092.82100899
p_298489,-122.2717392723,38.0594117065,9,6687.70912985
p_298489,-122.3000333464,38.0622862255,10,9191.20771149
p_298489,-122.3301528446,38.0630048376,11,11835.62858092
p_298489,-122.3557087825,38.0572557432,12,14167.45188932
p_298489,-122.3812647204,38.0306603065,13,17875.12361499
p_298489,-122.4059079462,37.9975822407,14,22136.98831737
p_298489,-122.4360274444,37.9666479429,15,26471.89684908
p_298489,-122.435203219,37.9519122435,16,28109.09931769
p_298489,-122.4249978437,37.923741589,17,31362.06191955
p_298489,-122.4046583315,37.875972173,18,36957.85541164
p_298489,-122.4101345876,37.8188842615,19,43312.55287884
p_298489,-122.4126931038,37.8128588766,20,44018.25283899
p_298489,-122.4134724951,37.8116116127,21,44172.76826072
p_298489,-122.4133925575,37.8107590404,22,44267.65918001
p_298489,-122.412272,37.809594,23,44430.31844929
p_298489,-122.4135733,37.810835,24,44609.49390925
p_298489,-122.4135733,37.810835,25,44609.49390925
p_298489,-122.4135518,37.8112927,26,44660.33062718
p_298489,-122.4135518,37.8112927,27,44660.33062718
p_298489,-122.413187,37.8118013,28,44725.28144432
p_298489,-122.413187,37.8118013,29,44725.28144432
p_298489,-122.4118137,37.8121742,30,44853.09599483
p_298489,-122.4118137,37.8121742,31,44853.09599483
p_298489,-122.4105692,37.8122251,32,44962.82718664
p_298489,-122.4105692,37.8122251,33,44962.82718664
p_298489,-122.4105692,37.8122251,34,44962.82718664
p_298489,-122.4061275,37.8123946,35,45354.39704232
p_298489,-122.4061275,37.8123946,36,45354.39704232
p_298489,-122.4012136,37.8120217,37,45789.07026407
p_298489,-122.4012136,37.8120217,38,45789.07026407
p_298489,-122.3982739,37.811191,39,46063.86070980
p_298489,-122.3982739,37.811191,40,46063.86070980
p_298489,-122.3961926,37.8102925,41,46272.51123698
p_298489,-122.3937249,37.8075801,42,46643.80214053
p_298489,-122.3937249,37.8075801,43,46643.80214053
p_298489,-122.3916435,37.8048506,44,46997.89045469
p_298489,-122.3916435,37.8048506,45,46997.89045469
p_298489,-122.3901415,37.8015445,46,47387.95658918
p_298489,-122.3901415,37.8015445,47,47387.95658918
p_298489,-122.3903346,37.7984079,48,47736.51140515
p_298489,-122.393044553,37.796927986,49,48026.24687411
p_298491,-122.412272,37.809594,1,0.00000000
p_298491,-122.412272,37.809594,2,0.00000000
p_298491,-122.412272,37.809594,3,0.00000000
p_298491,-122.414217,37.811208,4,247.84369033
p_298491,-122.414217,37.811208,5,247.84369033
p_298491,-122.4144316,37.8120895,6,347.49212392
p_298491,-122.4144316,37.8120895,7,347.49212392
p_298491,-122.4138737,37.8127337,8,434.24393940
p_298491,-122.4138737,37.8127337,9,434.24393940
p_298491,-122.4125004,37.8131405,10,563.32457521
p_298491,-122.4125004,37.8131405,11,563.32457521
p_298491,-122.41117,37.8131405,12,680.47275816
p_298491,-122.41117,37.8131405,13,680.47275816
p_298491,-122.4090672,37.8128693,14,868.06563753
p_298491,-122.4049902,37.8120217,15,1239.19063709
p_298491,-122.4049902,37.8120217,16,1239.19063709
p_298491,-122.3515606,37.8022905,17,6066.68621009
p_298491,-122.3515606,37.8022905,18,6066.68621009
p_298491,-122.3515606,37.8022905,19,6066.68621009
p_298491,-122.3515606,37.8022905,20,6066.68621009
p_298491,-122.3515606,37.8022905,21,6066.68621009
p_298491,-122.3349094,37.7992047,22,7572.61585292
p_298491,-122.3193741,37.7955424,23,8999.96986174
p_298491,-122.3193741,37.7955424,24,8999.96986174
p_298491,-122.3071003,37.7928972,25,10120.17275390
p_298491,-122.3071003,37.7928972,26,10120.17275390
p_298491,-122.3002338,37.7918798,27,10735.42250954
p_298491,-122.3002338,37.7918798,28,10735.42250954
p_298491,-122.2974873,37.7916085,29,10979.20187624
p_298491,-122.2956419,37.791405,30,11143.30754678
p_298491,-122.2956419,37.791405,31,11143.30754678
p_298491,-122.2956419,37.791405,32,11143.30754678
p_298491,-122.2956419,37.791405,33,11143.30754678
p_298491,-122.2948909,37.7913033,34,11210.41237723
p_298491,-122.2948909,37.7913033,35,11210.41237723
p_298491,-122.294172,37.7910743,36,11278.64459226
p_298491,-122.2939139096,37.7908051902,37,11316.18061493
p_298491,-122.2941637391,37.7912090376,38,11366.11483638
p_298491,-122.294184,37.791308,39,11377.24294939
p_298491,-122.294018,37.791895,40,11444.01605554
p_298491,-122.280384,37.793726,41,12661.96016303
p_298491,-122.280057,37.793921,42,12697.98746196
p_298491,-122.280046,37.794188,43,12727.63831469
p_298491,-122.280148,37.794442,44,12757.22725691
p_298491,-122.279777,37.795032,45,12830.41276754
p_298491,-122.279777,37.795032,46,12830.41276754
p_298492,-122.2797772,37.795032,1,0.00000000
p_298492,-122.280128,37.7944741,2,69.20312665
p_298492,-122.2805679,37.7940841,3,127.29755930
p_298492,-122.2805679,37.7940841,4,127.29755930
p_298492,-122.2809756,37.7939146,5,167.83656568
p_298492,-122.2809756,37.7939146,6,167.83656568
p_298492,-122.2825205,37.7936009,7,308.29215940
p_298492,-122.2825205,37.7936009,8,308.29215940
p_298492,-122.2847843,37.7932109,9,512.32842404
p_298492,-122.2847843,37.7932109,10,512.32842404
p_298492,-122.2869287,37.7928464,11,705.48875392
p_298492,-122.2869287,37.7928464,12,705.48875392
p_298492,-122.2869287,37.7928464,13,705.48875392
p_298492,-122.2869287,37.7928464,14,705.48875392
p_298492,-122.293539,37.7916,15,1303.93154188
p_298492,-122.2939789,37.7914304,16,1347.00887572
p_298492,-122.2939789,37.7914304,17,1347.00887572
p_298492,-122.2939789,37.7914304,18,1347.00887572
p_298492,-122.2941828,37.79121,19,1377.35646240
p_298492,-122.2941828,37.79121,20,1377.35646240
p_298492,-122.2941757015,37.7911391923,21,1385.24041630
p_298492,-122.2942257,37.7912948,22,1403.06432943
p_298492,-122.2945476,37.7914389,23,1435.61754239
p_298492,-122.2945476,37.7914389,24,1435.61754239
p_298492,-122.2945476,37.7914389,25,1435.61754239
p_298492,-122.29532,37.7914983,26,1503.96969782
p_298492,-122.29532,37.7914983,27,1503.96969782
p_298492,-122.2963285,37.7916,28,1593.51321066
p_298492,-122.2963285,37.7916,29,1593.51321066
p_298492,-122.2972727,37.7916509,30,1676.87039656
p_298492,-122.2984743,37.7917272,31,1783.04599825
p_298492,-122.2984743,37.7917272,32,1783.04599825
p_298492,-122.2984743,37.7917272,33,1783.04599825
p_298492,-122.2984743,37.7917272,34,1783.04599825
p_298492,-122.2984743,37.7917272,35,1783.04599825
p_298492,-122.2999978,37.7918459,36,1917.88140460
p_298492,-122.2999978,37.7918459,37,1917.88140460
p_298492,-122.2999978,37.7918459,38,1917.88140460
p_298492,-122.3019075,37.7920154,39,2087.13668473
p_298492,-122.3019075,37.7920154,40,2087.13668473
p_298492,-122.3019075,37.7920154,41,2087.13668473
p_298492,-122.3055983,37.7925581,42,2417.75445497
p_298492,-122.3055983,37.7925581,43,2417.75445497
p_298492,-122.3055983,37.7925581,44,2417.75445497
p_298492,-122.31534,37.7948641,45,3313.14441240
p_298492,-122.31534,37.7948641,46,3313.14441240
p_298492,-122.31534,37.7948641,47,3313.14441240
p_298492,-122.31534,37.7948641,48,3313.14441240
p_298492,-122.3363686,37.7996795,49,5240.78889009
p_298492,-122.3363686,37.7996795,50,5240.78889009
p_298492,-122.3436642,37.801375,51,5910.30339645
p_298492,-122.3436642,37.801375,52,5910.30339645
p_298492,-122.3515606,37.8029348,53,6626.94899021
p_298492,-122.3515606,37.8029348,54,6626.94899021
p_298492,-122.363019,37.8049692,55,7660.99715886
p_298492,-122.3803139,37.808326,56,9228.94067362
p_298492,-122.3803139,37.808326,57,9228.94067362
p_298492,-122.3858929,37.8095127,58,9737.57694429
p_298492,-122.3909569,37.8106655,59,10201.49911906
p_298492,-122.3909569,37.8106655,60,10201.49911906
p_298492,-122.3950338,37.8115809,61,10574.60043768
p_298492,-122.3978233,37.8120556,62,10825.82112050
p_298492,-122.3978233,37.8120556,63,10825.82112050
p_298492,-122.3978233,37.8120556,64,10825.82112050
p_298492,-122.4003553,37.8124963,65,11054.08124241
p_298492,-122.4003553,37.8124963,66,11054.08124241
p_298492,-122.4030161,37.8128015,67,11290.81534138
p_298492,-122.4030161,37.8128015,68,11290.81534138
p_298492,-122.4058914,37.8131066,69,11546.25475574
p_298492,-122.4058914,37.8131066,70,11546.25475574
p_298492,-122.4083376,37.81331,71,11762.83421074
p_298492,-122.4083376,37.81331,72,11762.83421074
p_298492,-122.4106979,37.8133778,73,11970.80571583
p_298492,-122.4106979,37.8133778,74,11970.80571583
p_298492,-122.4134874,37.8133439,75,12216.46282941
p_298492,-122.4134874,37.8133439,76,12216.46282941
p_298492,-122.414732,37.8128693,77,12338.05866021
p_298492,-122.414732,37.8128693,78,12338.05866021
p_298492,-122.4148607,37.8115131,79,12489.01326814
p_298492,-122.4120804,37.8094643,80,12823.15750435
p_298492,-122.4120804,37.8094643,81,12823.15750435
p_298492,-122.4120804,37.8094643,82,12823.15750435
p_298492,-122.4122665285,37.8096014267,83,12845.52474719
p_298492,-122.4120515,37.8100238,84,12896.08475901
p_298492,-122.4120515,37.8100238,85,12896.08475901
p_298492,-122.4130253,37.8116912,86,13100.05506188
p_298492,-122.4130797,37.8117843,87,13111.44482605
p_298492,-122.4128515,37.8125659,88,13200.49372190
p_298492,-122.4128222,37.8126658,89,13211.87812263
p_298492,-122.4120343,37.8132883,90,13309.79259533
p_298492,-122.4119425,37.8133609,91,13321.20637621
p_298492,-122.4101962,37.8139159,92,13486.85555512
p_298492,-122.4100757,37.8139542,93,13498.28594874
p_298492,-122.4067067,37.8143297,94,13797.85219011
p_298492,-122.4065781,37.8143441,95,13809.28810311
p_298492,-122.4035958,37.814604,96,14073.46907412
p_298492,-122.4034667,37.8146153,97,14084.90571228
p_298492,-122.3995411,37.8146481,98,14430.58608091
p_298492,-122.3994112,37.8146492,99,14442.02482587
p_298492,-122.395741,37.814125,100,14770.39400757
p_298492,-122.3956132,37.8141067,101,14781.82911054
p_298492,-122.3916864,37.8120047,102,15198.95263916
p_298492,-122.3887977,37.809821,103,15550.30816313
p_298492,-122.3887038,37.80975,104,15561.73068525
p_298492,-122.3872672,37.8078043,105,15812.01500791
p_298492,-122.3872018,37.8077157,106,15823.41129382
p_298492,-122.3865462,37.8056114,107,16064.00325324
p_298492,-122.3865151,37.8055118,108,16075.39234387
p_298492,-122.3862308,37.8037148,109,16276.41163474
p_298492,-122.3862147,37.8036129,110,16287.81032414
p_298492,-122.3861946,37.8020201,111,16464.60843596
p_298492,-122.3861933,37.8019175,112,16475.99686582
p_298492,-122.38684,37.8003366,113,16660.47707343
p_298492,-122.3868799,37.800239,114,16671.86564816
p_298492,-122.3888365356,37.7967217881,115,17098.59303120
p_298492,-122.3915049852,37.7951644117,116,17390.33971520
p_298493,-122.3931055398,37.7969041796,1,0.00000000
p_298493,-122.3923584584,37.7973002811,2,79.13463782
p_298493,-122.3880943289,37.8011983631,3,652.04779055
p_298493,-122.3871121701,37.8052441583,4,1109.35613423
p_298493,-122.3867613991,37.8124495453,5,1909.69894769
p_298493,-122.3882730256,37.8245737103,6,3261.96288735
p_298493,-122.4374356275,37.9675937647,7,19714.81055058
p_298493,-122.3968513716,38.0059881663,8,25271.11858375
p_298493,-122.3639598222,38.0505534021,9,30998.99149759
p_298493,-122.3520698654,38.0572559987,10,32280.59575165
p_298493,-122.3259425912,38.06182752,11,34629.03708119
p_298493,-122.2606032534,38.0621674241,12,40363.24110827
p_298493,-122.2476027257,38.0645524413,13,41534.43782715
p_298493,-122.2454130134,38.0662764178,14,41805.62398500
p_298493,-122.2452717416,38.069724249,15,42188.52627138
p_298493,-122.2442122034,38.0733943424,16,42606.37307097
p_298493,-122.2462760033,38.0783125352,17,43181.53164426
p_298493,-122.2536572251,38.0876358597,18,44402.31709232
p_298493,-122.2631057428,38.0966745503,19,45703.68375692
p_298493,-122.2643079153,38.0982787462,20,45910.62848764
p_298493,-122.2642556469,38.0989471508,21,45984.96180923
p_298493,-122.2638618174,38.0993505172,22,46041.51211339
p_298493,-122.2631119128,38.0998710539,23,46129.06190115
p_298493,-122.2631100259,38.0998698893,24,46129.27191106
p_298493,-122.2686879424,38.1013683761,25,46646.02430783
p_298494,-122.3931055398,37.7969041796,1,0.00000000
p_298494,-122.3923584584,37.7973002811,2,79.13463782
p_298494,-122.3880943289,37.8011983631,3,652.04779055
p_298494,-122.3871121701,37.8052441583,4,1109.35613423
p_298494,-122.3867613991,37.8124495453,5,1909.69894769
p_298494,-122.3882730256,37.8245737103,6,3261.96288735
p_298494,-122.4374356275,37.9675937647,7,19714.81055058
p_298494,-122.3968513716,38.0059881663,8,25271.11858375
p_298494,-122.3639598222,38.0505534021,9,30998.99149759
p_298494,-122.3520698654,38.0572559987,10,32280.59575165
p_298494,-122.3259425912,38.06182752,11,34629.03708119
p_298494,-122.2606032534,38.0621674241,12,40363.24110827
p_298494,-122.2476027257,38.0645524413,13,41534.43782715
p_298494,-122.2454130134,38.0662764178,14,41805.62398500
p_298494,-122.2452717416,38.069724249,15,42188.52627138
p_298494,-122.2442122034,38.0733943424,16,42606.37307097
p_298494,-122.2462760033,38.0783125352,17,43181.53164426
p_298494,-122.2536572251,38.0876358597,18,44402.31709232
p_298494,-122.2631057428,38.0966745503,19,45703.68375692
p_298494,-122.2643079153,38.0982787462,20,45910.62848764
p_298494,-122.2642556469,38.0989471508,21,45984.96180923
p_298494,-122.2638618174,38.0993505172,22,46041.51211339
p_298494,-122.2631119128,38.0998710539,23,46129.06190115
p_298495,-122.2797772,37.795032,1,0.00000000
p_298495,-122.280128,37.7944741,2,69.20312665
p_298495,-122.2805679,37.7940841,3,127.29755930
p_298495,-122.2805679,37.7940841,4,127.29755930
p_298495,-122.2809756,37.7939146,5,167.83656568
p_298495,-122.2809756,37.7939146,6,167.83656568
p_298495,-122.2825205,37.7936009,7,308.29215940
p_298495,-122.2825205,37.7936009,8,308.29215940
p_298495,-122.2847843,37.7932109,9,512.32842404
p_298495,-122.2847843,37.7932109,10,512.32842404
p_298495,-122.2869287,37.7928464,11,705.48875392
p_298495,-122.2869287,37.7928464,12,705.48875392
p_298495,-122.2869287,37.7928464,13,705.48875392
p_298495,-122.2869287,37.7928464,14,705.48875392
p_298495,-122.293539,37.7916,15,1303.93154188
p_298495,-122.2939789,37.7914304,16,1347.00887572
p_298495,-122.2939789,37.7914304,17,1347.00887572
p_298495,-122.2939789,37.7914304,18,1347.00887572
p_298495,-122.2941828,37.79121,19,1377.35646240
p_298495,-122.2941828,37.79121,20,1377.35646240
p_298495,-122.294198615,37.7912186168,21,1379.04618356
p_298495,-122.2942472,37.7913202,22,1391.10596673
p_298495,-122.2942472,37.7913202,23,1391.10596673
p_298495,-122.2942472,37.7913202,24,1391.10596673
p_298495,-122.2942472,37.7913202,25,1391.10596673
p_298495,-122.2943759,37.7915067,26,1414.70679089
p_298495,-122.2947407,37.7916424,27,1450.19346457
p_298495,-122.2947407,37.7916424,28,1450.19346457
p_298495,-122.2947407,37.7916424,29,1450.19346457
p_298495,-122.2957277,37.7917102,30,1537.45385862
p_298495,-122.2957277,37.7917102,31,1537.45385862
p_298495,-122.2957277,37.7917102,32,1537.45385862
p_298495,-122.2957277,37.7917102,33,1537.45385862
p_298495,-122.305212,37.7925581,34,2378.11348848
p_298495,-122.3117566,37.7936941,35,2968.18162229
p_298495,-122.3117566,37.7936941,36,2968.18162229
p_298495,-122.3311758,37.7982213,37,4750.81812232
p_298495,-122.3311758,37.7982213,38,4750.81812232
p_298495,-122.342248,37.8005103,39,5758.51339271
p_298495,-122.342248,37.8005103,40,5758.51339271
p_298495,-122.3557019,37.8026296,41,6966.50320487
p_298495,-122.3557019,37.8026296,42,6966.50320487
p_298495,-122.3697138,37.8040707,43,8210.80547543
p_298495,-122.3697138,37.8040707,44,8210.80547543
p_298495,-122.3711944,37.8041385,45,8341.41236266
p_298495,-122.3723531,37.8039012,46,8446.79847384
p_298495,-122.3723531,37.8039012,47,8446.79847384
p_298495,-122.3723531,37.8039012,48,8446.79847384
p_298495,-122.3723531,37.8039012,49,8446.79847384
p_298495,-122.3723531,37.8039012,50,8446.79847384
p_298495,-122.3915129267,37.7951527966,51,10393.65827076
p_298497,-122.3930893906,37.7969240213,1,0.00000000
p_298497,-122.3873229,37.8008952,2,672.46304326
p_298497,-122.3871803,37.8010359,3,692.50303045
p_298497,-122.3854819,37.803656,4,1019.52610046
p_298497,-122.3853779,37.8038164,5,1039.54709399
p_298497,-122.3853779,37.8067556,6,1365.77711784
p_298497,-122.3853779,37.8069359,7,1385.78912414
p_298497,-122.3872393,37.8095255,8,1716.67103609
p_298497,-122.387352,37.8096822,9,1736.69584134
p_298497,-122.3913114,37.8128429,10,2231.29713770
p_298497,-122.3914719,37.812971,11,2251.34444452
p_298497,-122.3956975,37.8150128,12,2687.00814360
p_298497,-122.3958921,37.8151069,13,2707.07542112
p_298497,-122.3998844,37.8162976,14,3082.62690552
p_298497,-122.4000978,37.8163613,15,3102.70316749
p_298497,-122.4040805,37.8170355,16,3461.27769213
p_298497,-122.4043036,37.8170732,17,3481.36242051
p_298497,-122.407852,37.8170414,18,3793.81970688
p_298497,-122.4080801,37.8170393,19,3813.90531590
p_298497,-122.4108579,37.8167572,20,4060.48773070
p_298497,-122.4108579,37.8167572,21,4060.48773070
p_298497,-122.4110842,37.8167342,22,4080.57644148
p_298497,-122.4134445,37.8156493,23,4320.76862497
p_298497,-122.4146891,37.8138186,24,4551.63280118
p_298497,-122.4146222,37.8139909,25,4571.64360639
p_298497,-122.4146222,37.8139909,26,4571.64360639
p_298497,-122.4146891,37.8138186,27,4591.65441160
p_298497,-122.413702,37.8113097,28,4883.37457954
p_298497,-122.4122890538,37.8096083343,29,5109.51836121
p_298497,-122.412273465,37.809593566,30,5111.65642384
p_298497,-122.4159626,37.8128176,31,5594.96127190
p_298497,-122.4158907,37.8128693,32,5603.50598936
p_298497,-122.41635,37.8156071,33,5910.06199780
p_298497,-122.4163628,37.8156832,34,5918.58342732
p_298497,-122.4131541,37.8195853,35,6435.69154828
p_298497,-122.4131012,37.8196497,36,6444.22309922
p_298497,-122.3891299,37.8429441,37,9781.61332061
p_298497,-122.3890686,37.8430037,38,9790.14991452
p_298497,-122.376709,37.8608954,39,12054.40881687
p_298497,-122.376709,37.8745824,40,13573.58335715
p_298497,-122.3766936,37.8745066,41,13582.10511289
p_298497,-122.376709,37.8745824,42,13590.62686863
p_298497,-122.3873914,37.8911774,43,15658.45477043
p_298497,-122.3875237,37.8913827,44,15684.04153974
p_298497,-122.4551582,37.9496123,45,24466.90071206
p_298497,-122.4560165,37.9627414,46,25926.12460516
p_298497,-122.4560867,37.9625178,47,25951.69845384
p_298497,-122.4560867,37.9625178,48,25951.69845384
p_298497,-122.4560165,37.9627414,49,25977.27230252
p_298497,-122.4431419,37.9742444,50,27683.14504197
p_298497,-122.4152337,37.9937085,51,30950.97681060
p_298497,-122.4144745,37.9939982,52,31025.01241592
p_298497,-122.3550797,38.0324082,53,37761.59875166
p_298497,-122.3353386,38.0410613,54,39742.99820413
p_298497,-122.335555,38.0409993,55,39763.20268101
p_298497,-122.3353386,38.0410613,56,39783.40715789
p_298497,-122.3072368,38.0475325,57,42352.62165890
p_298497,-122.3072368,38.0475325,58,42352.62165890
p_298497,-122.3059845,38.0478207,59,42467.10321251
p_298497,-122.2723389,38.0553905,60,45537.41357839
p_298497,-122.2477316,38.0661114,61,48003.11437378
p_298497,-122.2465897,38.0666087,62,48117.51751701
p_298497,-122.2450447,38.071609,63,48688.85795674
p_298497,-122.2447099,38.0752464,64,49093.66894069
p_298497,-122.2446156,38.0762711,65,49207.70905467
p_298497,-122.2612195,38.0955024,66,51791.99497078
p_298497,-122.2619534,38.0963521,67,51906.18629944
p_298497,-122.2637773,38.098598,68,52202.39801522
p_298497,-122.2635452,38.0988662,69,52238.46335939
p_298497,-122.2628104,38.0997154,70,52352.65177342
p_298497,-122.2625327,38.100219,71,52413.62703127
p_298497,-122.2625860632,38.1001490482,72,52422.69325209
p_298497,-122.2631100259,38.0998698893,73,52478.12172013
p_298497,-122.2686879424,38.1013683761,74,52994.87411690
p_298499,-122.2569663,37.736528,1,0.00000000
p_298499,-122.257407,37.736235,2,50.66151101
p_298499,-122.258405,37.735836,3,149.14981598
p_298499,-122.25965,37.735522,4,264.29356498
p_298499,-122.259983,37.735514,5,293.65993187
p_298499,-122.260637,37.735539,6,351.37478252
p_298499,-122.261238,37.7357,7,407.28370105
p_298499,-122.304134,37.756748,8,4851.44892105
p_298499,-122.363904,37.7861,9,11043.72422833
p_298499,-122.375137,37.792713,10,12275.68664233
p_298499,-122.383527,37.796011,11,13100.34895642
p_298499,-122.386703,37.796036,12,13380.08950095
p_298499,-122.389739,37.795917,13,13647.81193755
p_298499,-122.3920563,37.7959,14,13851.91759807
p_298502,-122.3920582,37.7959239,1,0.00000000
p_298502,-122.3920582,37.7959239,2,0.00000000
p_298502,-122.3920582,37.7959239,3,0.00000000
p_298502,-122.3849487,37.8009681,4,839.95085266
p_298502,-122.3849487,37.8009681,5,839.95085266
p_298502,-122.3787689,37.8038842,6,1473.16239457
p_298502,-122.3787689,37.8038842,7,1473.16239457
p_298502,-122.3732758,37.8046302,8,1963.94954226
p_298502,-122.3732758,37.8046302,9,1963.94954226
p_298502,-122.3367977,37.7999508,10,5218.20725593
p_298502,-122.3367977,37.7999508,11,5218.20725593
p_298502,-122.3134518,37.7947963,12,7352.47370231
p_298502,-122.3134518,37.7947963,13,7352.47370231
p_298502,-122.3007488,37.7920154,14,8513.12650690
p_298502,-122.2800007,37.7949637,15,10369.64956018
p_298502,-122.2800007,37.7949637,16,10369.64956018
p_298502,-122.2800007,37.7949637,17,10369.64956018
p_298502,-122.2800007,37.7949637,18,10369.64956018
p_298502,-122.2800007,37.7949637,19,10369.64956018
p_298502,-122.2800007,37.7949637,20,10369.64956018
p_298502,-122.2800007,37.7949637,21,10369.64956018
p_298503,-122.2797772,37.795032,1,0.00000000
p_298503,-122.280128,37.7944741,2,69.20312665
p_298503,-122.2805679,37.7940841,3,127.29755930
p_298503,-122.2805679,37.7940841,4,127.29755930
p_298503,-122.2809756,37.7939146,5,167.83656568
p_298503,-122.2809756,37.7939146,6,167.83656568
p_298503,-122.2825205,37.7936009,7,308.29215940
p_298503,-122.2825205,37.7936009,8,308.29215940
p_298503,-122.2847843,37.7932109,9,512.32842404
p_298503,-122.2847843,37.7932109,10,512.32842404
p_298503,-122.2869287,37.7928464,11,705.48875392
p_298503,-122.2869287,37.7928464,12,705.48875392
p_298503,-122.2869287,37.7928464,13,705.48875392
p_298503,-122.2869287,37.7928464,14,705.48875392
p_298503,-122.293539,37.7916,15,1303.93154188
p_298503,-122.2939789,37.7914304,16,1347.00887572
p_298503,-122.2939789,37.7914304,17,1347.00887572
p_298503,-122.2939789,37.7914304,18,1347.00887572
p_298503,-122.2941828,37.79121,19,1377.35646240
p_298503,-122.2941828,37.79121,20,1377.35646240
p_298503,-122.294198615,37.7912186168,21,1379.04618356
p_298503,-122.2942472,37.7913202,22,1391.10596673
p_298503,-122.2942472,37.7913202,23,1391.10596673
p_298503,-122.2942472,37.7913202,24,1391.10596673
p_298503,-122.2942472,37.7913202,25,1391.10596673
p_298503,-122.2943759,37.7915067,26,1414.70679089
p_298503,-122.2947407,37.7916424,27,1450.19346457
p_298503,-122.2947407,37.7916424,28,1450.19346457
p_298503,-122.2947407,37.7916424,29,1450.19346457
p_298503,-122.2957277,37.7917102,30,1537.45385862
p_298503,-122.2957277,37.7917102,31,1537.45385862
p_298503,-122.2957277,37.7917102,32,1537.45385862
p_298503,-122.2957277,37.7917102,33,1537.45385862
p_298503,-122.305212,37.7925581,34,2378.11348848
p_298503,-122.3117566,37.7936941,35,2968.18162229
p_298503,-122.3117566,37.7936941,36,2968.18162229
p_298503,-122.3311758,37.7982213,37,4750.81812232
p_298503,-122.3311758,37.7982213,38,4750.81812232
p_298503,-122.342248,37.8005103,39,5758.51339271
p_298503,-122.342248,37.8005103,40,5758.51339271
p_298503,-122.3557019,37.8026296,41,6966.50320487
p_298503,-122.3557019,37.8026296,42,6966.50320487
p_298503,-122.3697138,37.8040707,43,8210.80547543
p_298503,-122.3697138,37.8040707,44,8210.80547543
p_298503,-122.3711944,37.8041385,45,8341.41236266
p_298503,-122.3723531,37.8039012,46,8446.79847384
p_298503,-122.3723531,37.8039012,47,8446.79847384
p_298503,-122.3723531,37.8039012,48,8446.79847384
p_298503,-122.3723531,37.8039012,49,8446.79847384
p_298503,-122.3723531,37.8039012,50,8446.79847384
p_298503,-122.3915129267,37.7951527966,51,10393.65827076
p_298503,-122.3915207242,37.7951487125,52,10394.48115794
p_298503,-122.3900986,37.7971701,53,10651.43538944
p_298503,-122.3900986,37.7971701,54,10651.43538944
p_298503,-122.388382,37.7988317,55,10889.90946193
p_298503,-122.388382,37.7988317,56,10889.90946193
p_298503,-122.3871803,37.8015784,57,11212.62090432
p_298503,-122.3871803,37.8015784,58,11212.62090432
p_298503,-122.3870945,37.8051388,59,11607.87175547
p_298503,-122.3897982,37.8089363,60,12091.96552829
p_298503,-122.3897982,37.8089363,61,12091.96552829
p_298503,-122.3932314,37.8113775,62,12497.94055146
p_298503,-122.3932314,37.8113775,63,12497.94055146
p_298503,-122.3995829,37.8131066,64,13089.23967096
p_298503,-122.3995829,37.8131066,65,13089.23967096
p_298503,-122.4045181,37.8142593,66,13542.24731041
p_298503,-122.4045181,37.8142593,67,13542.24731041
p_298503,-122.4060631,37.8144627,68,13680.15032169
p_298503,-122.4060631,37.8144627,69,13680.15032169
p_298503,-122.4077368,37.8147001,70,13829.86193358
p_298503,-122.4115562,37.8138525,71,14179.08403376
p_298503,-122.4115562,37.8138525,72,14179.08403376
p_298503,-122.4131012,37.8127337,73,14363.28094098
p_298503,-122.4131012,37.8127337,74,14363.28094098
p_298503,-122.4132299,37.8113436,75,14517.98784626
p_298503,-122.4132299,37.8113436,76,14517.98784626
p_298503,-122.4130583,37.8106994,77,14591.06872260
p_298503,-122.4122692,37.8095996,78,14731.53048749
p_298504,-122.2687256036,38.1013794901,1,0.00000000
p_298504,-122.2675619668,38.1013584398,2,102.09098368
p_298504,-122.2659887,38.100677,3,259.45550815
p_298504,-122.2659887,38.100677,4,259.45550815
p_298504,-122.263959838,38.0997832213,5,463.19790511
p_298504,-122.2631439547,38.099863916,6,535.32004929
p_298504,-122.2631195646,38.0998630346,7,537.46161917
p_298504,-122.2635841,38.0997462,8,580.22154875
p_298504,-122.2638845,38.0990033,9,666.78970417
p_298504,-122.2632459,38.0983052,10,762.40359082
p_298504,-122.2631121,38.098159,11,782.43074940
p_298504,-122.2591773,38.0942475,12,1337.07730371
p_298504,-122.2590351,38.0941062,13,1357.11688712
p_298504,-122.2544896,38.0890518,14,2045.41324334
p_298504,-122.2543573,38.0889047,15,2065.44575289
p_298504,-122.2491633,38.0828055,16,2881.51138657
p_298504,-122.2490358,38.0826558,17,2901.54217824
p_298504,-122.2460789,38.0772139,18,3558.93704851
p_298504,-122.2459888,38.0770481,19,3578.96659551
p_298504,-122.2457873,38.0742552,20,3889.47640325
p_298504,-122.2457743,38.0740752,21,3909.48855671
p_298504,-122.2457329,38.069154,22,4455.74316817
p_298504,-122.2457329,38.069154,23,4455.74316817
p_298504,-122.2457314,38.0689737,24,4475.75650146
p_298504,-122.246933,38.0655613,25,4868.92818498
p_298504,-122.2514733,38.0627665,26,5373.89059153
p_298504,-122.2516537,38.0626555,27,5393.95140412
p_298504,-122.2584717,38.0611171,28,6016.17891158
p_298504,-122.2586918,38.0610674,29,6036.26711098
p_298504,-122.2652896,38.0601853,30,6623.51058991
p_298504,-122.2655153,38.0601551,31,6643.59981382
p_298504,-122.288423,38.0562398,32,8700.48358473
p_298504,-122.2886467,38.0562016,33,8720.56934059
p_298504,-122.3160594,38.0520454,34,11170.35284511
p_298504,-122.3162842,38.0520112,35,11190.44548382
p_298504,-122.3670431,38.0440707,36,15732.15607388
p_298504,-122.3672676,38.0440355,37,15752.24624572
p_298504,-122.3892102,38.0347918,38,17934.70591921
p_298504,-122.3894119,38.0347068,39,17954.77002207
p_298504,-122.4050685,38.018084,40,20255.64487553
p_298504,-122.4052048,38.0179392,41,20275.68404541
p_298504,-122.4170967,38.0034833,42,22190.16959435
p_298504,-122.4172211,38.0033321,43,22210.19539025
p_298504,-122.4375265,37.9780502,44,25535.30057279
p_298504,-122.4376488,37.9778979,45,25555.33121249
p_298504,-122.4451156,37.9634497,46,27288.03944705
p_298504,-122.4452019,37.9632827,47,27308.06710116
p_298504,-122.4463847,37.9519577,48,28569.38371228
p_298504,-122.4464035,37.951778,49,28589.39793837
p_298504,-122.4325986,37.9293316,50,31360.65705705
p_298504,-122.4324989,37.9291695,51,31380.67089769
p_298504,-122.4108235,37.9031829,52,34837.88994348
p_298504,-122.4106979,37.9030323,53,34857.92584922
p_298504,-122.3917514,37.8751477,54,38373.15834911
p_298504,-122.3916435,37.8749889,55,38393.17812802
p_298504,-122.3858534,37.8529398,56,40892.96631650
p_298504,-122.385807,37.8527633,57,40912.97778051
p_298504,-122.3835978,37.835049,58,42888.74231731
p_298504,-122.3835754,37.8348696,59,42908.75192037
p_298504,-122.3812038,37.8214893,60,44408.47924299
p_298504,-122.3811722,37.8213108,61,44428.48591044
p_298504,-122.3794869,37.8117255,62,45502.68614041
p_298504,-122.3794556,37.811547,63,45522.68916917
p_298504,-122.3809504,37.8062979,64,46119.98678779
p_298504,-122.3810005,37.8061221,65,46139.99189907
p_298504,-122.3884379267,37.8006993342,66,47029.52968219
p_298504,-122.3895237344,37.7995423949,67,47189.63651271
p_298504,-122.3925660968,37.7971534895,68,47566.59977367
p_298504,-122.3930875233,37.7969006564,69,47620.41922974
p_298505,-122.3920563,37.7959,1,0.00000000
p_298505,-122.389739,37.795917,2,204.10566052
p_298505,-122.386703,37.796036,3,471.82809712
p_298505,-122.383527,37.796011,4,751.56864165
p_298505,-122.375137,37.792713,5,1576.23095574
p_298505,-122.363904,37.7861,6,2808.19336974
p_298505,-122.304134,37.756748,7,9000.46867702
p_298505,-122.261238,37.7357,8,13444.63389702
p_298505,-122.260637,37.735539,9,13500.54281555
p_298505,-122.259983,37.735514,10,13558.25766620
p_298505,-122.25965,37.735522,11,13587.62403309
p_298505,-122.258405,37.735836,12,13702.76778209
p_298505,-122.257407,37.736235,13,13801.25608706
p_298505,-122.256966,37.736528,14,13851.93787731
p_298506,-122.4120515,37.8100238,1,0.00000000
p_298506,-122.4120515,37.8100238,2,0.00000000
p_298506,-122.4130253,37.8116912,3,203.97030287
p_298506,-122.4130797,37.8117843,4,215.36006704
p_298506,-122.4128515,37.8125659,5,304.40896289
p_298506,-122.4128222,37.8126658,6,315.79336362
p_298506,-122.4120343,37.8132883,7,413.70783632
p_298506,-122.4119425,37.8133609,8,425.12161720
p_298506,-122.4101962,37.8139159,9,590.77079611
p_298506,-122.4100757,37.8139542,10,602.20118973
p_298506,-122.4067067,37.8143297,11,901.76743110
p_298506,-122.4065781,37.8143441,12,913.20334410
p_298506,-122.4035958,37.814604,13,1177.38431511
p_298506,-122.4034667,37.8146153,14,1188.82095327
p_298506,-122.3995411,37.8146481,15,1534.50132190
p_298506,-122.3994112,37.8146492,16,1545.94006686
p_298506,-122.395741,37.814125,17,1874.30924856
p_298506,-122.3956132,37.8141067,18,1885.74435153
p_298506,-122.3916864,37.8120047,19,2302.86788015
p_298506,-122.3887977,37.809821,20,2654.22340412
p_298506,-122.3887038,37.80975,21,2665.64592624
p_298506,-122.3872672,37.8078043,22,2915.93024890
p_298506,-122.3872018,37.8077157,23,2927.32653481
p_298506,-122.3865462,37.8056114,24,3167.91849423
p_298506,-122.3865151,37.8055118,25,3179.30758486
p_298506,-122.3862308,37.8037148,26,3380.32687573
p_298506,-122.3862147,37.8036129,27,3391.72556513
p_298506,-122.3861946,37.8020201,28,3568.52367695
p_298506,-122.3861933,37.8019175,29,3579.91210681
p_298506,-122.38684,37.8003366,30,3764.39231442
p_298506,-122.3868799,37.800239,31,3775.78088915
p_298506,-122.3888365356,37.7967217881,32,4202.50827219
p_298506,-122.3915049852,37.7951644117,33,4494.25495619
p_298506,-122.3920582,37.7959236,34,4591.59239741
p_298506,-122.3920582,37.7959236,35,4591.59239741
p_298506,-122.3920582,37.7959236,36,4591.59239741
p_298506,-122.3920582,37.7959236,37,4591.59239741
p_298506,-122.3898411,37.7970006,38,4820.54673916
p_298506,-122.3865366,37.7983231,39,5146.50652082
p_298506,-122.3865366,37.7983231,40,5146.50652082
p_298506,-122.3825455,37.7998151,41,5535.06498013
p_298506,-122.3825455,37.7998151,42,5535.06498013
p_298506,-122.3797989,37.8009002,43,5805.28277885
p_298506,-122.3797989,37.8009002,44,5805.28277885
p_298506,-122.375164,37.8019853,45,6230.86979768
p_298506,-122.375164,37.8019853,46,6230.86979768
p_298506,-122.3707008,37.802121,47,6624.22347010
p_298506,-122.3707008,37.802121,48,6624.22347010
p_298506,-122.3656368,37.8022566,49,7070.45301866
p_298506,-122.3656368,37.8022566,50,7070.45301866
p_298506,-122.3601437,37.8018497,51,7556.32304620
p_298506,-122.3601437,37.8018497,52,7556.32304620
p_298506,-122.3398876,37.7999508,53,9352.67270430
p_298506,-122.3398876,37.7999508,54,9352.67270430
p_298506,-122.3298454,37.7984587,55,10252.47546881
p_298506,-122.3298454,37.7984587,56,10252.47546881
p_298506,-122.3298454,37.7984587,57,10252.47546881
p_298506,-122.3094177,37.7935076,58,12133.70321553
p_298506,-122.3094177,37.7935076,59,12133.70321553
p_298506,-122.3017788,37.7923037,60,12819.66961794
p_298506,-122.3017788,37.7923037,61,12819.66961794
p_298506,-122.2996545,37.7920324,62,13009.18502934
p_298506,-122.2996545,37.7920324,63,13009.18502934
p_298506,-122.29738,37.7917611,64,13211.77358407
p_298506,-122.29738,37.7917611,65,13211.77358407
p_298506,-122.2954273,37.7915407,66,13385.49908742
p_298506,-122.2954273,37.7915407,67,13385.49908742
p_298506,-122.2954273,37.7915407,68,13385.49908742
p_298506,-122.2954273,37.7915407,69,13385.49908742
p_298506,-122.2944939,37.7913541,70,13470.28215973
p_298506,-122.2941663733,37.791211389,71,13503.19348433
p_298506,-122.2941637391,37.7912090376,72,13503.54269701
p_298506,-122.294184,37.791308,73,13514.67081002
p_298506,-122.294018,37.791895,74,13581.44391617
p_298506,-122.280384,37.793726,75,14799.38802366
p_298506,-122.280057,37.793921,76,14835.41532259
p_298506,-122.280046,37.794188,77,14865.06617532
p_298506,-122.280148,37.794442,78,14894.65511754
p_298506,-122.279777,37.795032,79,14967.84062817
p_298506,-122.279777,37.795032,80,14967.84062817
p_298507,-122.3772452,37.662676,1,0.00000000
p_298507,-122.377269,37.663774,2,121.88523571
p_298507,-122.377274,37.664139,3,162.39903417
p_298507,-122.377129,37.664237,4,179.19144575
p_298507,-122.372612,37.664203,5,577.75066991
p_298507,-122.3714,37.664407,6,687.05778987
p_298507,-122.370703,37.664679,7,755.56531250
p_298507,-122.337455,37.703509,8,5968.52837934
p_298507,-122.324624,37.740247,9,10200.12925078
p_298507,-122.334926,37.773281,10,13977.35315113
p_298507,-122.339388,37.787567,11,15610.98405143
p_298507,-122.338025,37.791488,12,16062.44179892
p_298507,-122.334581,37.796043,13,16652.03274528
p_298507,-122.332861,37.797206,14,16851.05895220
p_298507,-122.331611,37.797482,15,16965.33359012
p_298507,-122.330503,37.797395,16,17063.39563034
p_298507,-122.326888,37.796441,17,17398.92944006
p_298507,-122.303844,37.791348,18,19505.84146763
p_298507,-122.300888,37.791138,19,19767.24970545
p_298507,-122.298732,37.791221,20,19957.37551883
p_298507,-122.296789,37.7915,21,20131.29543139
p_298507,-122.294466,37.791458,22,20335.95971182
p_298507,-122.2941618595,37.7912114379,23,20374.25559239
p_298507,-122.2941637391,37.7912090376,24,20374.56925669
p_298507,-122.294184,37.791308,25,20385.69736970
p_298507,-122.294018,37.791895,26,20452.47047585
p_298507,-122.280384,37.793726,27,21670.41458334
p_298507,-122.280057,37.793921,28,21706.44188227
p_298507,-122.280046,37.794188,29,21736.09273500
p_298507,-122.280148,37.794442,30,21765.68167722
p_298507,-122.279777,37.795032,31,21838.86718785
p_298507,-122.279777,37.795032,32,21838.86718785
p_298508,-122.2631195646,38.0998630346,1,0.00000000
p_298508,-122.2635841,38.0997462,2,42.75992958
p_298508,-122.2638845,38.0990033,3,129.32808500
p_298508,-122.2632459,38.0983052,4,224.94197165
p_298508,-122.2631121,38.098159,5,244.96913023
p_298508,-122.2591773,38.0942475,6,799.61568454
p_298508,-122.2590351,38.0941062,7,819.65526795
p_298508,-122.2544896,38.0890518,8,1507.95162417
p_298508,-122.2543573,38.0889047,9,1527.98413372
p_298508,-122.2491633,38.0828055,10,2344.04976740
p_298508,-122.2490358,38.0826558,11,2364.08055907
p_298508,-122.2460789,38.0772139,12,3021.47542934
p_298508,-122.2459888,38.0770481,13,3041.50497634
p_298508,-122.2457873,38.0742552,14,3352.01478408
p_298508,-122.2457743,38.0740752,15,3372.02693754
p_298508,-122.2457329,38.069154,16,3918.28154900
p_298508,-122.2457329,38.069154,17,3918.28154900
p_298508,-122.2457314,38.0689737,18,3938.29488229
p_298508,-122.246933,38.0655613,19,4331.46656581
p_298508,-122.2514733,38.0627665,20,4836.42897236
p_298508,-122.2516537,38.0626555,21,4856.48978495
p_298508,-122.2584717,38.0611171,22,5478.71729241
p_298508,-122.2586918,38.0610674,23,5498.80549181
p_298508,-122.2652896,38.0601853,24,6086.04897074
p_298508,-122.2655153,38.0601551,25,6106.13819465
p_298508,-122.288423,38.0562398,26,8163.02196556
p_298508,-122.2886467,38.0562016,27,8183.10772142
p_298508,-122.3160594,38.0520454,28,10632.89122594
p_298508,-122.3162842,38.0520112,29,10652.98386465
p_298508,-122.3670431,38.0440707,30,15194.69445471
p_298508,-122.3672676,38.0440355,31,15214.78462655
p_298508,-122.3892102,38.0347918,32,17397.24430004
p_298508,-122.3894119,38.0347068,33,17417.30840290
p_298508,-122.4050685,38.018084,34,19718.18325636
p_298508,-122.4052048,38.0179392,35,19738.22242624
p_298508,-122.4170967,38.0034833,36,21652.70797518
p_298508,-122.4172211,38.0033321,37,21672.73377108
p_298508,-122.4375265,37.9780502,38,24997.83895362
p_298508,-122.4376488,37.9778979,39,25017.86959332
p_298508,-122.4451156,37.9634497,40,26750.57782788
p_298508,-122.4452019,37.9632827,41,26770.60548199
p_298508,-122.4463847,37.9519577,42,28031.92209311
p_298508,-122.4464035,37.951778,43,28051.93631920
p_298508,-122.4325986,37.9293316,44,30823.19543788
p_298508,-122.4324989,37.9291695,45,30843.20927852
p_298508,-122.4108235,37.9031829,46,34300.42832431
p_298508,-122.4106979,37.9030323,47,34320.46423005
p_298508,-122.3917514,37.8751477,48,37835.69672994
p_298508,-122.3916435,37.8749889,49,37855.71650885
p_298508,-122.3858534,37.8529398,50,40355.50469733
p_298508,-122.385807,37.8527633,51,40375.51616134
p_298508,-122.3835978,37.835049,52,42351.28069814
p_298508,-122.3835754,37.8348696,53,42371.29030120
p_298508,-122.3812038,37.8214893,54,43871.01762382
p_298508,-122.3811722,37.8213108,55,43891.02429127
p_298508,-122.3794869,37.8117255,56,44965.22452124
p_298508,-122.3794556,37.811547,57,44985.22755000
p_298508,-122.3809504,37.8062979,58,45582.52516862
p_298508,-122.3810005,37.8061221,59,45602.53027990
p_298508,-122.3884379267,37.8006993342,60,46492.06806302
p_298508,-122.3895237344,37.7995423949,61,46652.17489354
p_298508,-122.3925660968,37.7971534895,62,47029.13815450
p_298508,-122.3930875233,37.7969006564,63,47082.95761057
p_298511,-122.3920582,37.7959236,1,0.00000000
p_298511,-122.3920582,37.7959236,2,0.00000000
p_298511,-122.3920582,37.7959236,3,0.00000000
p_298511,-122.3920582,37.7959236,4,0.00000000
p_298511,-122.3898411,37.7970006,5,228.95434175
p_298511,-122.3865366,37.7983231,6,554.91412341
p_298511,-122.3865366,37.7983231,7,554.91412341
p_298511,-122.3825455,37.7998151,8,943.47258272
p_298511,-122.3825455,37.7998151,9,943.47258272
p_298511,-122.3797989,37.8009002,10,1213.69038144
p_298511,-122.3797989,37.8009002,11,1213.69038144
p_298511,-122.375164,37.8019853,12,1639.27740027
p_298511,-122.375164,37.8019853,13,1639.27740027
p_298511,-122.3707008,37.802121,14,2032.63107269
p_298511,-122.3707008,37.802121,15,2032.63107269
p_298511,-122.3656368,37.8022566,16,2478.86062125
p_298511,-122.3656368,37.8022566,17,2478.86062125
p_298511,-122.3601437,37.8018497,18,2964.73064879
p_298511,-122.3601437,37.8018497,19,2964.73064879
p_298511,-122.3398876,37.7999508,20,4761.08030689
p_298511,-122.3398876,37.7999508,21,4761.08030689
p_298511,-122.3298454,37.7984587,22,5660.88307140
p_298511,-122.3298454,37.7984587,23,5660.88307140
p_298511,-122.3298454,37.7984587,24,5660.88307140
p_298511,-122.3094177,37.7935076,25,7542.11081812
p_298511,-122.3094177,37.7935076,26,7542.11081812
p_298511,-122.3017788,37.7923037,27,8228.07722053
p_298511,-122.3017788,37.7923037,28,8228.07722053
p_298511,-122.2996545,37.7920324,29,8417.59263193
p_298511,-122.2996545,37.7920324,30,8417.59263193
p_298511,-122.29738,37.7917611,31,8620.18118666
p_298511,-122.29738,37.7917611,32,8620.18118666
p_298511,-122.2954273,37.7915407,33,8793.90669001
p_298511,-122.2954273,37.7915407,34,8793.90669001
p_298511,-122.2954273,37.7915407,35,8793.90669001
p_298511,-122.2954273,37.7915407,36,8793.90669001
p_298511,-122.2944939,37.7913541,37,8878.68976232
p_298511,-122.2941663733,37.791211389,38,8911.60108692
p_298511,-122.2941637391,37.7912090376,39,8911.95029960
p_298511,-122.294184,37.791308,40,8923.07841261
p_298511,-122.294018,37.791895,41,8989.85151876
p_298511,-122.280384,37.793726,42,10207.79562625
p_298511,-122.280057,37.793921,43,10243.82292518
p_298511,-122.280046,37.794188,44,10273.47377791
p_298511,-122.280148,37.794442,45,10303.06272013
p_298511,-122.279777,37.795032,46,10376.24823076
p_298511,-122.279777,37.795032,47,10376.24823076