route_id,service_id,trip_id,trip_headsign,direction_id,block_id,shape_id,trip_short_name,bikes_allowed,wheelchair_accessible
580X,72989,557208,,0,103748,35774,,0,0
580X,73738,557224,,0,103752,35774,,0,0
580X,72989,557209,,0,103844,35774,,0,0
580X,73738,557225,,0,103846,35774,,0,0
580X,72989,557210,,0,103844,35774,,0,0
580X,73738,557226,,0,103846,35774,,0,0
580X,72989,557211,,0,103845,35773,,0,0
580X,73738,557227,,0,103847,35773,,0,0
580X,72989,557214,,0,103750,35773,,0,0
580X,73738,557230,,0,103754,35773,,0,0
580X,72989,557212,,0,103845,35773,,0,0
580X,73738,557228,,0,103847,35773,,0,0
580X,72989,557215,,0,103751,35773,,0,0
580X,73738,557231,,0,103755,35773,,0,0
580X,72989,557213,,0,103845,35773,,0,0
580X,73738,557229,,0,103847,35773,,0,0
580X,72989,557216,,1,103748,35775,,0,0
580X,73738,557232,,1,103752,35775,,0,0
580X,72989,557219,,1,103844,35775,,0,0
580X,73738,557235,,1,103846,35775,,0,0
580X,72989,557220,,1,103748,35775,,0,0
580X,73738,557236,,1,103752,35775,,0,0
580X,72989,557218,,1,103844,35776,,0,0
580X,73738,557234,,1,103846,35776,,0,0
580X,72989,557217,,1,103749,35776,,0,0
580X,73738,557233,,1,103753,35776,,0,0
580X,72989,557221,,1,103845,35775,,0,0
580X,73738,557237,,1,103847,35775,,0,0
580X,72989,557222,,1,103845,35775,,0,0
580X,73738,557238,,1,103847,35775,,0,0
580X,72989,557223,,1,103845,35775,,0,0
580X,73738,557239,,1,103847,35775,,0,0
54,72989,557193,AF,0,103838,35769,,0,0
54,73738,557198,AF,0,103840,35769,,0,0
54,72989,557194,,0,103838,35770,,0,0
54,73738,557199,,0,103840,35770,,0,0
54,72989,557195,AF,1,103839,35771,,0,0
54,73738,557200,AF,1,103841,35771,,0,0
54,72989,557196,C5,1,103839,35772,,0,0
54,73738,557201,C5,1,103841,35772,,0,0
54,72989,557197,C5,1,103839,35772,,0,0
54,73738,557202,C5,1,103841,35772,,0,0
2,72989,556466,,0,103744,35735,,0,0
2,73738,556482,,0,103746,35735,,0,0
2,72989,556467,,0,103745,35736,,0,0
2,73738,556481,,0,103747,35736,,0,0
2,72989,556468,,0,103745,35736,,0,0
2,73738,556480,,0,103747,35736,,0,0
2,72989,556469,,0,103745,35736,,0,0
2,73738,556479,,0,103747,35736,,0,0
2,73738,556474,,0,103746,35736,,0,0
2,72989,556470,,0,103744,35736,,0,0
2,73738,556478,,0,103746,35736,,0,0
2,72989,556471,,0,103744,35736,,0,0
2,73738,556477,,0,103746,35736,,0,0
2,72989,556473,,0,103744,35736,,0,0
2,73738,556476,,0,103746,35736,,0,0
2,73738,556475,,0,103746,35734,,0,0
2,72989,556472,,0,103744,35734,,0,0
8,72989,557341,,0,103758,35806,,0,0
8,73738,557389,,0,103767,35806,,0,0
8,72989,557340,,0,103759,35806,,0,0
8,73738,557388,,0,103768,35806,,0,0
8,72989,557339,,0,103692,35806,,0,0
8,73738,557387,,0,103707,35806,,0,0
8,72989,557338,,0,103757,35806,,0,0
8,73738,557386,,0,103766,35806,,0,0
8,72991,557367,,0,103764,35806,,0,0
8,72990,557354,,0,103762,35806,,0,0
8,72989,557337,,0,103758,35806,,0,0
8,73738,557385,,0,103767,35806,,0,0
8,73738,557384,,0,103768,35806,,0,0
8,72989,557336,,0,103759,35806,,0,0
8,72991,557366,,0,103763,35806,,0,0
8,72990,557353,,0,103761,35806,,0,0
8,72989,557335,,0,103692,35806,,0,0
8,73738,557383,,0,103707,35806,,0,0
8,72991,557365,,0,103763,35806,,0,0
8,72990,557352,,0,103761,35806,,0,0
8,72989,557334,,0,103758,35806,,0,0
8,73738,557382,,0,103767,35806,,0,0
8,72990,557351,,0,103762,35806,,0,0
8,72991,557364,,0,103764,35806,,0,0
8,72989,557333,,0,103692,35806,,0,0
8,73738,557381,,0,103707,35806,,0,0
8,72990,557350,,0,103762,35806,,0,0
8,72991,557363,,0,103764,35806,,0,0
8,72989,557332,,0,103758,35806,,0,0
8,73738,557380,,0,103767,35806,,0,0
8,72991,557362,,0,103763,35806,,0,0
8,72990,557349,,0,103761,35806,,0,0
8,73738,557379,,0,103707,35806,,0,0
8,72989,557331,,0,103692,35806,,0,0
8,72990,557348,,0,103761,35806,,0,0
8,72991,557361,,0,103763,35806,,0,0
8,72989,557330,,0,103758,35806,,0,0
8,73738,557378,,0,103767,35806,,0,0
8,72990,557347,,0,103762,35806,,0,0
8,72991,557360,,0,103764,35806,,0,0
8,72989,557329,,0,103692,35806,,0,0
8,73738,557377,,0,103707,35806,,0,0
8,73738,557370,,0,103765,35806,,0,0
8,72989,557322,,0,103756,35806,,0,0
8,72990,557346,,0,103762,35806,,0,0
8,72991,557359,,0,103764,35806,,0,0
8,73738,557376,,0,103767,35806,,0,0
8,72989,557328,,0,103758,35806,,0,0
8,73738,557375,,0,103769,35806,,0,0
8,72989,557327,,0,103760,35806,,0,0
8,72991,557358,,0,103763,35806,,0,0
8,72990,557345,,0,103761,35806,,0,0
8,72989,557326,,0,103692,35806,,0,0
8,73738,557374,,0,103707,35806,,0,0
8,73738,557373,,0,103765,35806,,0,0
8,72989,557325,,0,103756,35806,,0,0
8,72991,557357,,0,103763,35806,,0,0
8,72990,557344,,0,103761,35806,,0,0
8,72989,557324,,0,103758,35806,,0,0
8,73738,557372,,0,103767,35806,,0,0
8,73738,557371,,0,103769,35806,,0,0
8,72989,557323,,0,103760,35806,,0,0
8,72991,557356,,0,103764,35806,,0,0
8,72990,557343,,0,103762,35806,,0,0
8,73738,557368,,0,103707,35806,,0,0
8,72989,557320,,0,103692,35806,,0,0
8,72990,557342,,0,103762,35806,,0,0
8,72991,557355,,0,103764,35806,,0,0
8,72989,557321,,0,103758,35806,,0,0
8,73738,557369,,0,103767,35806,,0,0
14,72989,556138,,0,103726,35726,,0,0
14,73738,556257,,0,103731,35726,,0,0
14,72989,556139,,0,103727,35726,,0,0
14,73738,556256,,0,103730,35726,,0,0
14,72989,556140,,0,103728,35726,,0,0
14,73738,556255,,0,103733,35726,,0,0
14,72991,556222,,0,103687,35726,,0,0
14,72990,556194,,0,103685,35726,,0,0
14,72989,556141,,0,103726,35726,,0,0
14,73738,556254,,0,103731,35726,,0,0
14,72991,556221,,0,103688,35726,,0,0
14,72990,556193,,0,103686,35726,,0,0
14,73738,556253,,0,103730,35726,,0,0
14,72989,556142,,0,103727,35726,,0,0
14,72991,556220,,0,103687,35726,,0,0
14,72990,556192,,0,103685,35726,,0,0
14,72989,556143,,0,103726,35726,,0,0
14,73738,556252,,0,103731,35726,,0,0
14,72989,556144,,0,103727,35726,,0,0
14,73738,556251,,0,103730,35726,,0,0
14,72991,556219,,0,103688,35726,,0,0
14,72990,556191,,0,103686,35726,,0,0
14,73738,556250,,0,103731,35726,,0,0
14,72989,556145,,0,103726,35726,,0,0
14,72991,556218,,0,103687,35726,,0,0
14,72990,556190,,0,103685,35726,,0,0
14,73738,556249,,0,103730,35726,,0,0
14,72989,556146,,0,103727,35726,,0,0
14,72991,556217,,0,103688,35726,,0,0
14,72990,556189,,0,103686,35726,,0,0
14,73738,556248,,0,103731,35726,,0,0
14,72989,556147,,0,103726,35726,,0,0
14,72990,556188,,0,103685,35726,,0,0
14,72991,556216,,0,103687,35726,,0,0
14,72989,556148,,0,103727,35726,,0,0
14,73738,556247,,0,103730,35726,,0,0
14,72991,556215,,0,103688,35726,,0,0
14,72990,556187,,0,103686,35726,,0,0
14,72989,556149,,0,103726,35726,,0,0
14,73738,556246,,0,103731,35726,,0,0
14,72990,556186,,0,103685,35726,,0,0
14,72991,556214,,0,103687,35726,,0,0
14,72989,556150,,0,103727,35726,,0,0
14,73738,556245,,0,103730,35726,,0,0
14,73738,556244,,0,103732,35726,,0,0
14,72989,556151,,0,103729,35726,,0,0
14,72991,556213,,0,103688,35726,,0,0
14,72990,556185,,0,103686,35726,,0,0
14,73738,556243,,0,103731,35726,,0,0
14,72989,556152,,0,103726,35726,,0,0
14,73738,556242,,0,103730,35726,,0,0
14,72989,556153,,0,103727,35726,,0,0
14,72991,556212,,0,103687,35726,,0,0
14,72990,556184,,0,103685,35726,,0,0
14,73738,556241,,0,103732,35726,,0,0
14,72989,556154,,0,103729,35726,,0,0
14,72989,556155,,0,103726,35726,,0,0
14,73738,556240,,0,103731,35726,,0,0
14,72991,556211,,0,103688,35726,,0,0
14,72990,556183,,0,103686,35726,,0,0
14,73738,556239,,0,103730,35726,,0,0
14,72989,556156,,0,103727,35726,,0,0
14,72991,556210,,0,103687,35726,,0,0
14,72990,556182,,0,103685,35726,,0,0
14,73738,556238,,0,103731,35726,,0,0
14,72989,556157,,0,103726,35726,,0,0
14,72990,556181,,0,103686,35726,,0,0
14,72991,556209,,0,103688,35726,,0,0
14,72989,556158,,0,103727,35726,,0,0
14,73738,556237,,0,103730,35726,,0,0
14,72989,556159,,1,103726,35729,,0,0
14,73738,556279,,1,103731,35729,,0,0
14,72989,556160,,1,103727,35730,,0,0
14,73738,556278,,1,103730,35730,,0,0
14,72989,556161,,1,103728,35730,,0,0
14,73738,556277,,1,103733,35730,,0,0
14,72989,556162,,1,103726,35730,,0,0
14,73738,556276,,1,103731,35730,,0,0
14,72991,556236,,1,103688,35730,,0,0
14,72990,556208,,1,103686,35730,,0,0
14,72989,556163,,1,103727,35730,,0,0
14,73738,556275,,1,103730,35730,,0,0
14,73738,556274,,1,103733,35730,,0,0
14,72989,556164,,1,103728,35730,,0,0
14,72991,556235,,1,103687,35730,,0,0
14,72990,556207,,1,103685,35730,,0,0
14,72989,556165,,1,103726,35730,,0,0
14,73738,556273,,1,103731,35730,,0,0
14,72990,556206,,1,103686,35730,,0,0
14,72991,556234,,1,103688,35730,,0,0
14,72989,556166,,1,103727,35730,,0,0
14,73738,556272,,1,103730,35730,,0,0
14,72991,556233,,1,103687,35730,,0,0
14,72990,556205,,1,103685,35730,,0,0
14,72989,556167,,1,103726,35730,,0,0
14,73738,556271,,1,103731,35730,,0,0
14,73738,556270,,1,103730,35730,,0,0
14,72989,556168,,1,103727,35730,,0,0
14,72990,556204,,1,103686,35730,,0,0
14,72991,556232,,1,103688,35730,,0,0
14,73738,556269,,1,103731,35730,,0,0
14,72989,556169,,1,103726,35730,,0,0
14,72991,556231,,1,103687,35730,,0,0
14,72990,556203,,1,103685,35730,,0,0
14,73738,556268,,1,103730,35730,,0,0
14,72989,556180,,1,103727,35730,,0,0
14,72990,556202,,1,103686,35730,,0,0
14,72991,556230,,1,103688,35730,,0,0
14,72989,556179,,1,103726,35730,,0,0
14,73738,556267,,1,103731,35730,,0,0
14,72990,556201,,1,103685,35730,,0,0
14,72991,556229,,1,103687,35730,,0,0
14,73738,556266,,1,103730,35730,,0,0
14,72989,556178,,1,103727,35730,,0,0
14,72990,556200,,1,103686,35730,,0,0
14,72991,556228,,1,103688,35730,,0,0
14,73738,556265,,1,103731,35730,,0,0
14,72989,556177,,1,103726,35730,,0,0
14,72990,556199,,1,103685,35730,,0,0
14,72991,556227,,1,103687,35730,,0,0
14,73738,556264,,1,103730,35730,,0,0
14,72989,556176,,1,103727,35730,,0,0
14,73738,556263,,1,103732,35730,,0,0
14,72989,556175,,1,103729,35730,,0,0
14,72990,556198,,1,103686,35730,,0,0
14,72991,556226,,1,103688,35730,,0,0
14,73738,556262,,1,103731,35730,,0,0
14,72989,556174,,1,103726,35730,,0,0
14,72989,556173,,1,103727,35730,,0,0
14,73738,556261,,1,103730,35730,,0,0
14,72991,556225,,1,103687,35730,,0,0
14,72990,556197,,1,103685,35730,,0,0
14,73738,556260,,1,103731,35730,,0,0
14,72989,556172,,1,103726,35730,,0,0
14,72991,556224,,1,103688,35730,,0,0
14,72990,556196,,1,103686,35730,,0,0
14,73738,556259,,1,103730,35730,,0,0
14,72989,556171,,1,103727,35730,,0,0
14,72990,556195,,1,103685,35730,,0,0
14,72991,556223,,1,103687,35730,,0,0
14,72989,556170,,1,103726,35730,,0,0
14,73738,556258,,1,103731,35730,,0,0
70X,72989,557298,,0,103874,35803,,0,0
70X,73738,557310,,0,103877,35803,,0,0
70X,72989,557297,,0,103873,35803,,0,0
70X,73738,557309,,0,103876,35803,,0,0
70X,72989,557296,,0,103872,35803,,0,0
70X,73738,557308,,0,103875,35803,,0,0
70X,72989,557299,,0,103874,35802,,0,0
70X,73738,557311,,0,103877,35802,,0,0
70X,72989,557300,,0,103873,35802,,0,0
70X,73738,557312,,0,103876,35802,,0,0
70X,72989,557301,,0,103872,35802,,0,0
70X,73738,557313,,0,103875,35802,,0,0
70X,72989,557303,,1,103827,35804,,0,0
70X,73738,557315,,1,103829,35804,,0,0
70X,72989,557302,,1,103854,35804,,0,0
70X,73738,557314,,1,103857,35804,,0,0
70X,72989,557307,,1,103861,35805,,0,0
70X,73738,557319,,1,103864,35805,,0,0
70X,72989,557306,,1,103827,35805,,0,0
70X,73738,557318,,1,103829,35805,,0,0
70X,72989,557305,,1,103854,35805,,0,0
70X,73738,557317,,1,103857,35805,,0,0
70X,72989,557304,,1,103861,35805,,0,0
70X,73738,557316,,1,103864,35805,,0,0
20X,72989,556483,,0,103748,35737,,0,0
20X,73738,556487,,0,103752,35737,,0,0
20X,72989,556484,,0,103749,35737,,0,0
20X,73738,556488,,0,103753,35737,,0,0
20X,72989,556485,,1,103750,35738,,0,0
20X,73738,556489,,1,103754,35738,,0,0
20X,72989,556486,,1,103751,35738,,0,0
20X,73738,556490,,1,103755,35738,,0,0
3,72989,556492,,0,103692,35739,,0,0
3,73738,556638,,0,103707,35739,,0,0
3,72989,556493,,0,103757,35739,,0,0
3,73738,556639,,0,103766,35739,,0,0
3,73738,556640,,0,103767,35739,,0,0
3,72989,556494,,0,103758,35739,,0,0
3,72989,556495,,0,103759,35739,,0,0
3,73738,556641,,0,103768,35739,,0,0
3,72989,556496,,0,103692,35739,,0,0
3,73738,556642,,0,103707,35739,,0,0
3,72990,556550,,0,103761,35740,,0,0
3,72991,556596,,0,103763,35740,,0,0
3,72989,556497,,0,103757,35740,,0,0
3,73738,556643,,0,103766,35740,,0,0
3,72991,556597,,0,103764,35740,,0,0
3,72990,556551,,0,103762,35740,,0,0
3,73738,556644,,0,103767,35740,,0,0
3,72989,556498,,0,103758,35740,,0,0
3,72991,556598,,0,103764,35740,,0,0
3,72990,556552,,0,103762,35740,,0,0
3,72989,556499,,0,103692,35740,,0,0
3,73738,556645,,0,103707,35740,,0,0
3,72991,556599,,0,103764,35740,,0,0
3,72990,556553,,0,103762,35740,,0,0
3,72990,556554,,0,103761,35740,,0,0
3,72991,556600,,0,103763,35740,,0,0
3,73738,556646,,0,103767,35740,,0,0
3,72989,556500,,0,103758,35740,,0,0
3,72991,556601,,0,103763,35740,,0,0
3,72990,556555,,0,103761,35740,,0,0
3,73738,556647,,0,103707,35739,,0,0
3,72989,556501,,0,103692,35739,,0,0
3,72990,556556,,0,103761,35740,,0,0
3,72991,556602,,0,103763,35740,,0,0
3,72990,556557,,0,103762,35740,,0,0
3,72991,556603,,0,103764,35740,,0,0
3,72989,556502,,0,103758,35739,,0,0
3,73738,556648,,0,103767,35739,,0,0
3,72990,556558,,0,103762,35740,,0,0
3,72991,556604,,0,103764,35740,,0,0
3,73738,556649,,0,103707,35739,,0,0
3,72989,556503,,0,103692,35739,,0,0
3,72991,556605,,0,103764,35740,,0,0
3,72990,556559,,0,103762,35740,,0,0
3,73738,556637,,0,103765,35739,,0,0
3,72989,556491,,0,103756,35739,,0,0
3,72991,556606,,0,103763,35740,,0,0
3,72990,556560,,0,103761,35740,,0,0
3,73738,556650,,0,103767,35739,,0,0
3,72989,556504,,0,103758,35739,,0,0
3,72991,556607,,0,103763,35740,,0,0
3,72990,556561,,0,103761,35740,,0,0
3,72989,556505,,0,103760,35739,,0,0
3,73738,556651,,0,103769,35739,,0,0
3,73738,556652,,0,103707,35739,,0,0
3,72989,556506,,0,103692,35739,,0,0
3,72991,556608,,0,103763,35740,,0,0
3,72990,556562,,0,103761,35740,,0,0
3,72989,556507,,0,103756,35739,,0,0
3,73738,556653,,0,103765,35739,,0,0
3,72991,556609,,0,103764,35740,,0,0
3,72990,556563,,0,103762,35740,,0,0
3,73738,556654,,0,103767,35739,,0,0
3,72989,556508,,0,103758,35739,,0,0
3,72991,556610,,0,103764,35740,,0,0
3,72990,556564,,0,103762,35740,,0,0
3,73738,556655,,0,103769,35739,,0,0
3,72989,556509,,0,103760,35739,,0,0
3,73738,556656,,0,103707,35740,,0,0
3,72989,556510,,0,103692,35740,,0,0
3,72990,556565,,0,103762,35740,,0,0
3,72991,556611,,0,103764,35740,,0,0
3,72989,556511,,0,103756,35740,,0,0
3,73738,556657,,0,103765,35740,,0,0
3,72991,556612,,0,103763,35740,,0,0
3,72990,556566,,0,103761,35740,,0,0
3,73738,556658,,0,103767,35740,,0,0
3,72989,556512,,0,103758,35740,,0,0
3,72991,556613,,0,103763,35740,,0,0
3,72990,556567,,0,103761,35740,,0,0
3,72991,556591,,0,103704,35740,,0,0
3,72990,556545,,0,103701,35740,,0,0
3,73738,556659,,0,103707,35740,,0,0
3,72989,556513,,0,103692,35740,,0,0
3,72991,556592,,0,103705,35740,,0,0
3,72990,556546,,0,103702,35740,,0,0
3,72989,556514,,0,103698,35740,,0,0
3,73738,556660,,0,103708,35740,,0,0
3,72991,556593,,0,103704,35740,,0,0
3,72990,556547,,0,103701,35740,,0,0
3,73738,556661,,0,103707,35740,,0,0
3,72989,556515,,0,103692,35740,,0,0
3,72991,556594,,0,103705,35740,,0,0
3,72990,556548,,0,103702,35740,,0,0
3,73738,556662,,0,103708,35740,,0,0
3,72989,556516,,0,103698,35740,,0,0
3,72990,556549,,0,103701,35740,,0,0
3,72991,556595,,0,103704,35740,,0,0
3,72989,556517,,0,103692,35740,,0,0
3,73738,556663,,0,103707,35740,,0,0
3,72989,556518,,1,103692,35742,,0,0
3,73738,556664,,1,103707,35742,,0,0
3,72989,556519,,1,103757,35742,,0,0
3,73738,556665,,1,103766,35742,,0,0
3,73738,556666,,1,103767,35742,,0,0
3,72989,556520,,1,103758,35742,,0,0
3,72989,556521,,1,103759,35742,,0,0
3,73738,556667,,1,103768,35742,,0,0
3,72989,556522,,1,103692,35742,,0,0
3,73738,556668,,1,103707,35742,,0,0
3,72990,556573,,1,103761,35743,,0,0
3,72991,556619,,1,103763,35743,,0,0
3,72989,556523,,1,103757,35743,,0,0
3,73738,556669,,1,103766,35743,,0,0
3,72991,556620,,1,103764,35743,,0,0
3,72990,556574,,1,103762,35743,,0,0
3,73738,556670,,1,103767,35743,,0,0
3,72989,556524,,1,103758,35743,,0,0
3,72991,556621,,1,103764,35743,,0,0
3,72990,556575,,1,103762,35743,,0,0
3,72989,556525,,1,103692,35743,,0,0
3,73738,556671,,1,103707,35743,,0,0
3,72991,556622,,1,103764,35743,,0,0
3,72990,556576,,1,103762,35743,,0,0
3,72990,556577,,1,103761,35743,,0,0
3,72991,556623,,1,103763,35743,,0,0
3,73738,556672,,1,103767,35743,,0,0
3,72989,556526,,1,103758,35743,,0,0
3,72991,556624,,1,103763,35743,,0,0
3,72990,556578,,1,103761,35743,,0,0
3,73738,556673,,1,103707,35742,,0,0
3,72989,556527,,1,103692,35742,,0,0
3,72990,556579,,1,103761,35743,,0,0
3,72991,556625,,1,103763,35743,,0,0
3,72990,556580,,1,103762,35743,,0,0
3,72991,556626,,1,103764,35743,,0,0
3,72989,556528,,1,103758,35742,,0,0
3,73738,556674,,1,103767,35742,,0,0
3,72990,556581,,1,103762,35743,,0,0
3,72991,556627,,1,103764,35743,,0,0
3,73738,556675,,1,103707,35742,,0,0
3,72989,556529,,1,103692,35742,,0,0
3,72991,556628,,1,103764,35743,,0,0
3,72990,556582,,1,103762,35743,,0,0
3,73738,556676,,1,103765,35742,,0,0
3,72989,556530,,1,103756,35742,,0,0
3,72991,556629,,1,103763,35743,,0,0
3,72990,556583,,1,103761,35743,,0,0
3,73738,556688,,1,103767,35742,,0,0
3,72989,556542,,1,103758,35742,,0,0
3,72991,556630,,1,103763,35743,,0,0
3,72990,556584,,1,103761,35743,,0,0
3,72989,556531,,1,103760,35742,,0,0
3,73738,556677,,1,103769,35742,,0,0
3,73738,556689,,1,103707,35742,,0,0
3,72989,556543,,1,103692,35742,,0,0
3,72991,556631,,1,103763,35743,,0,0
3,72990,556585,,1,103761,35743,,0,0
3,72989,556532,,1,103756,35742,,0,0
3,73738,556678,,1,103765,35742,,0,0
3,72991,556632,,1,103764,35743,,0,0
3,72990,556586,,1,103762,35743,,0,0
3,73738,556690,,1,103767,35742,,0,0
3,72989,556544,,1,103758,35742,,0,0
3,72991,556633,,1,103764,35743,,0,0
3,72990,556587,,1,103762,35743,,0,0
3,73738,556679,,1,103769,35742,,0,0
3,72989,556533,,1,103760,35742,,0,0
3,73738,556680,,1,103707,35743,,0,0
3,72989,556534,,1,103692,35743,,0,0
3,72990,556588,,1,103762,35743,,0,0
3,72991,556634,,1,103764,35743,,0,0
3,72989,556535,,1,103756,35743,,0,0
3,73738,556681,,1,103765,35743,,0,0
3,72991,556635,,1,103763,35743,,0,0
3,72990,556589,,1,103761,35743,,0,0
3,73738,556682,,1,103767,35743,,0,0
3,72989,556536,,1,103758,35743,,0,0
3,72991,556636,,1,103763,35743,,0,0
3,72990,556590,,1,103761,35743,,0,0
3,72991,556614,,1,103704,35743,,0,0
3,72990,556568,,1,103701,35743,,0,0
3,73738,556683,,1,103707,35743,,0,0
3,72989,556537,,1,103692,35743,,0,0
3,72991,556615,,1,103705,35743,,0,0
3,72990,556569,,1,103702,35743,,0,0
3,72989,556538,,1,103698,35743,,0,0
3,73738,556684,,1,103708,35743,,0,0
3,72991,556616,,1,103704,35743,,0,0
3,72990,556570,,1,103701,35743,,0,0
3,73738,556685,,1,103707,35743,,0,0
3,72989,556539,,1,103692,35743,,0,0
3,72991,556617,,1,103705,35743,,0,0
3,72990,556571,,1,103702,35743,,0,0
3,73738,556686,,1,103708,35743,,0,0
3,72989,556540,,1,103698,35743,,0,0
3,72990,556572,,1,103701,35743,,0,0
3,72991,556618,,1,103704,35743,,0,0
3,72989,556541,,1,103692,35743,,0,0
3,73738,556687,,1,103707,35743,,0,0
30R,72989,556737,,0,103772,35748,,0,0
30R,73738,556935,,0,103789,35748,,0,0
30R,72989,556796,,0,103780,35745,,0,0
30R,73738,556994,,0,103797,35745,,0,0
30R,72990,556875,,0,103783,35746,,0,0
30R,72991,556914,,0,103787,35746,,0,0
30R,73738,556937,,0,103791,35745,,0,0
30R,72989,556739,,0,103774,35745,,0,0
30R,73738,556938,,0,103792,35745,,0,0
30R,72989,556740,,0,103775,35745,,0,0
30R,72989,556741,,0,103749,35745,,0,0
30R,73738,556939,,0,103753,35745,,0,0
30R,73738,556940,,0,103793,35745,,0,0
30R,72989,556742,,0,103776,35745,,0,0
30R,72990,556874,,0,103784,35746,,0,0
30R,72991,556913,,0,103788,35746,,0,0
30R,73738,556941,,0,103790,35745,,0,0
30R,72989,556743,,0,103773,35745,,0,0
30R,73738,556942,,0,103794,35745,,0,0
30R,72989,556744,,0,103777,35745,,0,0
30R,73738,556943,,0,103795,35745,,0,0
30R,72989,556745,,0,103778,35745,,0,0
30R,73738,556944,,0,103796,35745,,0,0
30R,72989,556746,,0,103779,35745,,0,0
30R,72990,556873,,0,103783,35746,,0,0
30R,72991,556912,,0,103787,35746,,0,0
30R,72989,556747,,0,103780,35745,,0,0
30R,73738,556945,,0,103797,35745,,0,0
30R,72989,556748,,0,103772,35745,,0,0
30R,73738,556946,,0,103789,35745,,0,0
30R,73738,556947,,0,103791,35745,,0,0
30R,72989,556749,,0,103774,35745,,0,0
30R,73738,556948,,0,103792,35745,,0,0
30R,72989,556750,,0,103775,35745,,0,0
30R,72991,556911,,0,103788,35746,,0,0
30R,72990,556872,,0,103784,35746,,0,0
30R,72989,556751,,0,103776,35745,,0,0
30R,73738,556949,,0,103793,35745,,0,0
30R,72989,556752,,0,103773,35745,,0,0
30R,73738,556950,,0,103790,35745,,0,0
30R,73738,556951,,0,103794,35745,,0,0
30R,72989,556753,,0,103777,35745,,0,0
30R,72989,556754,,0,103778,35745,,0,0
30R,73738,556952,,0,103795,35745,,0,0
30R,72991,556910,,0,103787,35746,,0,0
30R,72990,556871,,0,103783,35746,,0,0
30R,73738,556953,,0,103796,35745,,0,0
30R,72989,556755,,0,103779,35745,,0,0
30R,72989,556756,,0,103780,35745,,0,0
30R,73738,556954,,0,103797,35745,,0,0
30R,72989,556757,,0,103772,35745,,0,0
30R,73738,556955,,0,103789,35745,,0,0
30R,72989,556758,,0,103774,35745,,0,0
30R,73738,556956,,0,103791,35745,,0,0
30R,72990,556870,,0,103784,35746,,0,0
30R,72991,556909,,0,103788,35746,,0,0
30R,73738,556957,,0,103792,35745,,0,0
30R,72989,556759,,0,103775,35745,,0,0
30R,72989,556760,,0,103776,35745,,0,0
30R,73738,556958,,0,103793,35745,,0,0
30R,73738,556959,,0,103790,35745,,0,0
30R,72989,556761,,0,103773,35745,,0,0
30R,73738,556960,,0,103794,35745,,0,0
30R,72989,556762,,0,103777,35745,,0,0
30R,72991,556901,,0,103787,35746,,0,0
30R,72990,556862,,0,103783,35746,,0,0
30R,73738,556961,,0,103795,35745,,0,0
30R,72989,556763,,0,103778,35745,,0,0
30R,73738,556962,,0,103796,35745,,0,0
30R,72989,556764,,0,103779,35745,,0,0
30R,72990,556869,,0,103782,35746,,0,0
30R,72991,556908,,0,103786,35746,,0,0
30R,72989,556765,,0,103780,35745,,0,0
30R,73738,556963,,0,103797,35745,,0,0
30R,72989,556766,,0,103772,35745,,0,0
30R,73738,556964,,0,103789,35745,,0,0
30R,72989,556767,,0,103774,35745,,0,0
30R,73738,556965,,0,103791,35745,,0,0
30R,72989,556768,,0,103775,35745,,0,0
30R,73738,556966,,0,103792,35745,,0,0
30R,72991,556907,,0,103785,35746,,0,0
30R,72990,556868,,0,103781,35746,,0,0
30R,72989,556769,,0,103776,35745,,0,0
30R,73738,556967,,0,103793,35745,,0,0
30R,73738,556968,,0,103790,35745,,0,0
30R,72989,556770,,0,103773,35745,,0,0
30R,73738,556969,,0,103794,35745,,0,0
30R,72989,556771,,0,103777,35745,,0,0
30R,73738,556970,,0,103795,35745,,0,0
30R,72989,556772,,0,103778,35745,,0,0
30R,72990,556867,,0,103782,35746,,0,0
30R,72991,556906,,0,103786,35746,,0,0
30R,73738,556971,,0,103796,35745,,0,0
30R,72989,556773,,0,103779,35745,,0,0
30R,72989,556774,,0,103780,35745,,0,0
30R,73738,556972,,0,103797,35745,,0,0
30R,73738,556973,,0,103789,35745,,0,0
30R,72989,556775,,0,103772,35745,,0,0
30R,73738,556974,,0,103791,35745,,0,0
30R,72989,556776,,0,103774,35745,,0,0
30R,72991,556905,,0,103785,35746,,0,0
30R,72990,556866,,0,103781,35746,,0,0
30R,72989,556777,,0,103775,35745,,0,0
30R,73738,556975,,0,103792,35745,,0,0
30R,72989,556778,,0,103776,35745,,0,0
30R,73738,556976,,0,103793,35745,,0,0
30R,72989,556779,,0,103773,35745,,0,0
30R,73738,556977,,0,103790,35745,,0,0
30R,72989,556780,,0,103777,35745,,0,0
30R,73738,556978,,0,103794,35745,,0,0
30R,72991,556904,,0,103786,35746,,0,0
30R,72990,556865,,0,103782,35746,,0,0
30R,72989,556781,,0,103778,35745,,0,0
30R,73738,556979,,0,103795,35745,,0,0
30R,73738,556980,,0,103796,35745,,0,0
30R,72989,556782,,0,103779,35745,,0,0
30R,73738,556981,,0,103797,35745,,0,0
30R,72989,556783,,0,103780,35745,,0,0
30R,73738,556982,,0,103789,35745,,0,0
30R,72989,556784,,0,103772,35745,,0,0
30R,72991,556903,,0,103785,35746,,0,0
30R,72990,556864,,0,103781,35746,,0,0
30R,73738,556983,,0,103791,35745,,0,0
30R,72989,556785,,0,103774,35745,,0,0
30R,72989,556786,,0,103775,35745,,0,0
30R,73738,556984,,0,103792,35745,,0,0
30R,73738,556985,,0,103793,35745,,0,0
30R,72989,556787,,0,103776,35745,,0,0
30R,72989,556788,,0,103773,35745,,0,0
30R,73738,556986,,0,103790,35745,,0,0
30R,72990,556863,,0,103782,35746,,0,0
30R,72991,556902,,0,103786,35746,,0,0
30R,72989,556789,,0,103777,35745,,0,0
30R,73738,556987,,0,103794,35745,,0,0
30R,72989,556790,,0,103778,35745,,0,0
30R,73738,556988,,0,103795,35745,,0,0
30R,73738,556989,,0,103796,35745,,0,0
30R,72989,556791,,0,103779,35745,,0,0
30R,72990,556861,,0,103781,35746,,0,0
30R,72991,556900,,0,103785,35746,,0,0
30R,73738,556990,,0,103789,35745,,0,0
30R,72989,556792,,0,103772,35745,,0,0
30R,72989,556793,,0,103775,35745,,0,0
30R,73738,556991,,0,103792,35745,,0,0
30R,72991,556899,,0,103786,35746,,0,0
30R,72990,556860,,0,103782,35746,,0,0
30R,73738,556992,,0,103790,35745,,0,0
30R,72989,556794,,0,103773,35745,,0,0
30R,72991,556898,,0,103785,35746,,0,0
30R,72990,556859,,0,103781,35746,,0,0
30R,73738,556993,,0,103789,35745,,0,0
30R,72989,556795,,0,103772,35745,,0,0
30R,72991,556897,,0,103786,35746,,0,0
30R,72990,556858,,0,103782,35746,,0,0
30R,73738,556936,,0,103790,35745,,0,0
30R,72989,556738,,0,103773,35745,,0,0
30R,72991,556896,,0,103785,35746,,0,0
30R,72990,556857,,0,103781,35746,,0,0
30R,72989,556797,,1,103774,35749,,0,0
30R,73738,556995,,1,103791,35749,,0,0
30R,72990,556895,,1,103783,35750,,0,0
30R,72991,556934,,1,103787,35750,,0,0
30R,73738,556996,,1,103792,35749,,0,0
30R,72989,556798,,1,103775,35749,,0,0
30R,73738,556997,,1,103753,35749,,0,0
30R,72989,556799,,1,103749,35749,,0,0
30R,73738,556999,,1,103793,35749,,0,0
30R,72989,556801,,1,103776,35749,,0,0
30R,73738,557000,,1,103790,35749,,0,0
30R,72989,556802,,1,103773,35749,,0,0
30R,72991,556933,,1,103788,35750,,0,0
30R,72990,556894,,1,103784,35750,,0,0
30R,73738,557001,,1,103794,35749,,0,0
30R,72989,556803,,1,103777,35749,,0,0
30R,72989,556804,,1,103778,35749,,0,0
30R,73738,557002,,1,103795,35749,,0,0
30R,73738,556998,,1,103796,35749,,0,0
30R,72989,556800,,1,103779,35749,,0,0
30R,73738,557003,,1,103797,35749,,0,0
30R,72989,556805,,1,103780,35749,,0,0
30R,72991,556932,,1,103787,35750,,0,0
30R,72990,556893,,1,103783,35750,,0,0
30R,73738,557004,,1,103789,35749,,0,0
30R,72989,556806,,1,103772,35749,,0,0
30R,73738,557005,,1,103791,35749,,0,0
30R,72989,556807,,1,103774,35749,,0,0
30R,73738,557006,,1,103792,35749,,0,0
30R,72989,556808,,1,103775,35749,,0,0
30R,73738,557007,,1,103793,35749,,0,0
30R,72989,556809,,1,103776,35749,,0,0
30R,72990,556892,,1,103784,35750,,0,0
30R,72991,556931,,1,103788,35750,,0,0
30R,72989,556810,,1,103773,35749,,0,0
30R,73738,557008,,1,103790,35749,,0,0
30R,72989,556811,,1,103777,35749,,0,0
30R,73738,557009,,1,103794,35749,,0,0
30R,72989,556812,,1,103778,35749,,0,0
30R,73738,557010,,1,103795,35749,,0,0
30R,72989,556813,,1,103779,35749,,0,0
30R,73738,557011,,1,103796,35749,,0,0
30R,72990,556891,,1,103783,35750,,0,0
30R,72991,556930,,1,103787,35750,,0,0
30R,72989,556814,,1,103780,35749,,0,0
30R,73738,557012,,1,103797,35749,,0,0
30R,72989,556815,,1,103772,35749,,0,0
30R,73738,557013,,1,103789,35749,,0,0
30R,72989,556816,,1,103774,35749,,0,0
30R,73738,557014,,1,103791,35749,,0,0
30R,73738,557015,,1,103792,35749,,0,0
30R,72989,556817,,1,103775,35749,,0,0
30R,72991,556929,,1,103788,35750,,0,0
30R,72990,556890,,1,103784,35750,,0,0
30R,73738,557016,,1,103793,35749,,0,0
30R,72989,556818,,1,103776,35749,,0,0
30R,73738,557017,,1,103790,35749,,0,0
30R,72989,556819,,1,103773,35749,,0,0
30R,73738,557018,,1,103794,35749,,0,0
30R,72989,556820,,1,103777,35749,,0,0
30R,72989,556821,,1,103778,35749,,0,0
30R,73738,557019,,1,103795,35749,,0,0
30R,72991,556928,,1,103787,35750,,0,0
30R,72990,556889,,1,103783,35750,,0,0
30R,73738,557020,,1,103796,35749,,0,0
30R,72989,556822,,1,103779,35749,,0,0
30R,73738,557021,,1,103797,35749,,0,0
30R,72989,556823,,1,103780,35749,,0,0
30R,72990,556888,,1,103782,35750,,0,0
30R,72991,556927,,1,103786,35750,,0,0
30R,73738,557022,,1,103789,35749,,0,0
30R,72989,556824,,1,103772,35749,,0,0
30R,73738,557023,,1,103791,35749,,0,0
30R,72989,556825,,1,103774,35749,,0,0
30R,73738,557024,,1,103792,35749,,0,0
30R,72989,556826,,1,103775,35749,,0,0
30R,73738,557025,,1,103793,35749,,0,0
30R,72989,556827,,1,103776,35749,,0,0
30R,72991,556926,,1,103785,35750,,0,0
30R,72990,556887,,1,103781,35750,,0,0
30R,72989,556828,,1,103773,35749,,0,0
30R,73738,557026,,1,103790,35749,,0,0
30R,73738,557027,,1,103794,35749,,0,0
30R,72989,556829,,1,103777,35749,,0,0
30R,72989,556830,,1,103778,35749,,0,0
30R,73738,557028,,1,103795,35749,,0,0
30R,73738,557029,,1,103796,35749,,0,0
30R,72989,556831,,1,103779,35749,,0,0
30R,72991,556925,,1,103786,35750,,0,0
30R,72990,556886,,1,103782,35750,,0,0
30R,73738,557030,,1,103797,35749,,0,0
30R,72989,556832,,1,103780,35749,,0,0
30R,73738,557031,,1,103789,35749,,0,0
30R,72989,556833,,1,103772,35749,,0,0
30R,73738,557032,,1,103791,35749,,0,0
30R,72989,556834,,1,103774,35749,,0,0
30R,72989,556835,,1,103775,35749,,0,0
30R,73738,557033,,1,103792,35749,,0,0
30R,72991,556924,,1,103785,35750,,0,0
30R,72990,556885,,1,103781,35750,,0,0
30R,72989,556836,,1,103776,35749,,0,0
30R,73738,557034,,1,103793,35749,,0,0
30R,73738,557035,,1,103790,35749,,0,0
30R,72989,556837,,1,103773,35749,,0,0
30R,72989,556838,,1,103777,35749,,0,0
30R,73738,557036,,1,103794,35749,,0,0
30R,73738,557037,,1,103795,35749,,0,0
30R,72989,556839,,1,103778,35749,,0,0
30R,72991,556923,,1,103786,35750,,0,0
30R,72990,556884,,1,103782,35750,,0,0
30R,72989,556840,,1,103779,35749,,0,0
30R,73738,557038,,1,103796,35749,,0,0
30R,72989,556841,,1,103780,35749,,0,0
30R,73738,557039,,1,103797,35749,,0,0
30R,72989,556842,,1,103772,35749,,0,0
30R,73738,557040,,1,103789,35749,,0,0
30R,72989,556843,,1,103774,35749,,0,0
30R,73738,557041,,1,103791,35749,,0,0
30R,72990,556883,,1,103781,35750,,0,0
30R,72991,556922,,1,103785,35750,,0,0
30R,72989,556844,,1,103775,35749,,0,0
30R,73738,557042,,1,103792,35749,,0,0
30R,73738,557043,,1,103793,35749,,0,0
30R,72989,556845,,1,103776,35749,,0,0
30R,72989,556846,,1,103773,35749,,0,0
30R,73738,557044,,1,103790,35749,,0,0
30R,72989,556847,,1,103777,35749,,0,0
30R,73738,557045,,1,103794,35749,,0,0
30R,72991,556921,,1,103786,35750,,0,0
30R,72990,556882,,1,103782,35750,,0,0
30R,72989,556848,,1,103778,35749,,0,0
30R,73738,557046,,1,103795,35749,,0,0
30R,72989,556849,,1,103779,35749,,0,0
30R,73738,557047,,1,103796,35749,,0,0
30R,72989,556850,,1,103772,35749,,0,0
30R,73738,557048,,1,103789,35749,,0,0
30R,72991,556920,,1,103785,35750,,0,0
30R,72990,556881,,1,103781,35750,,0,0
30R,72989,556851,,1,103775,35749,,0,0
30R,73738,557049,,1,103792,35749,,0,0
30R,73738,557050,,1,103790,35749,,0,0
30R,72989,556852,,1,103773,35749,,0,0
30R,72991,556919,,1,103786,35750,,0,0
30R,72990,556880,,1,103782,35750,,0,0
30R,72991,556918,,1,103785,35750,,0,0
30R,72990,556879,,1,103781,35750,,0,0
30R,72989,556853,,1,103772,35749,,0,0
30R,73738,557051,,1,103789,35749,,0,0
30R,72991,556917,,1,103786,35750,,0,0
30R,73738,557052,,1,103790,35749,,0,0
30R,72989,556854,,1,103773,35749,,0,0
30R,72990,556878,,1,103782,35750,,0,0
30R,72991,556916,,1,103785,35750,,0,0
30R,73738,557053,,1,103789,35749,,0,0
30R,72990,556877,,1,103781,35750,,0,0
30R,72989,556855,,1,103772,35749,,0,0
30R,72990,556876,,1,103782,35750,,0,0
30R,72989,556856,,1,103773,35749,,0,0
30R,72991,556915,,1,103786,35750,,0,0
30R,73738,557054,,1,103790,35749,,0,0
502,72989,557146,,0,103819,35807,,0,0
502,73738,557149,,0,103821,35807,,0,0
502,72989,557147,,1,103820,35808,,0,0
502,72989,557148,,1,103729,35808,,0,0
502,73738,557150,,1,103822,35808,,0,0
502,73738,557151,,1,103732,35808,,0,0
10R,72989,555629,,0,103696,35719,,0,0
10R,73738,555862,,0,103709,35719,,0,0
10R,72989,555630,,0,103697,35719,,0,0
10R,73738,555863,,0,103710,35719,,0,0
10R,73738,555864,,0,103708,35719,,0,0
10R,72989,555631,,0,103698,35719,,0,0
10R,72990,555730,,0,103701,35719,,0,0
10R,72991,555794,,0,103704,35719,,0,0
10R,73738,555865,,0,103711,35719,,0,0
10R,72989,555601,,0,103693,35719,,0,0
10R,73738,555866,,0,103712,35719,,0,0
10R,72989,555602,,0,103694,35719,,0,0
10R,73738,555867,,0,103713,35719,,0,0
10R,72989,555603,,0,103695,35719,,0,0
10R,72991,555795,,0,103705,35719,,0,0
10R,72990,555731,,0,103702,35719,,0,0
10R,72989,555604,,0,103696,35719,,0,0
10R,73738,555868,,0,103709,35719,,0,0
10R,72989,555605,,0,103697,35719,,0,0
10R,73738,555869,,0,103710,35719,,0,0
10R,72989,555606,,0,103698,35719,,0,0
10R,73738,555870,,0,103708,35719,,0,0
10R,72991,555796,,0,103704,35719,,0,0
10R,72990,555732,,0,103701,35719,,0,0
10R,73738,555871,,0,103711,35719,,0,0
10R,72989,555607,,0,103693,35719,,0,0
10R,73738,555872,,0,103714,35719,,0,0
10R,72989,555608,,0,103699,35719,,0,0
10R,72991,555797,,0,103705,35719,,0,0
10R,72990,555733,,0,103702,35719,,0,0
10R,72989,555609,,0,103694,35719,,0,0
10R,73738,555873,,0,103712,35719,,0,0
10R,72989,555610,,0,103695,35719,,0,0
10R,73738,555874,,0,103713,35719,,0,0
10R,72989,555611,,0,103696,35719,,0,0
10R,73738,555875,,0,103709,35719,,0,0
10R,72990,555734,,0,103701,35719,,0,0
10R,72991,555798,,0,103704,35719,,0,0
10R,73738,555876,,0,103710,35719,,0,0
10R,72989,555612,,0,103697,35719,,0,0
10R,72989,555613,,0,103698,35719,,0,0
10R,73738,555877,,0,103708,35719,,0,0
10R,72989,555614,,0,103699,35719,,0,0
10R,73738,555878,,0,103714,35719,,0,0
10R,72990,555735,,0,103702,35719,,0,0
10R,72991,555799,,0,103705,35719,,0,0
10R,72989,555615,,0,103694,35719,,0,0
10R,73738,555879,,0,103712,35719,,0,0
10R,72989,555616,,0,103695,35719,,0,0
10R,73738,555880,,0,103713,35719,,0,0
10R,72990,555736,,0,103701,35719,,0,0
10R,72991,555800,,0,103704,35719,,0,0
10R,73738,555881,,0,103709,35719,,0,0
10R,72989,555617,,0,103696,35719,,0,0
10R,73738,555882,,0,103710,35719,,0,0
10R,72989,555618,,0,103697,35719,,0,0
10R,72990,555737,,0,103703,35719,,0,0
10R,72991,555801,,0,103706,35719,,0,0
10R,72989,555619,,0,103698,35719,,0,0
10R,73738,555883,,0,103708,35719,,0,0
10R,72989,555620,,0,103699,35719,,0,0
10R,73738,555884,,0,103714,35719,,0,0
10R,72991,555802,,0,103705,35719,,0,0
10R,72990,555738,,0,103702,35719,,0,0
10R,73738,555885,,0,103712,35719,,0,0
10R,72989,555621,,0,103694,35719,,0,0
10R,72989,555622,,0,103695,35719,,0,0
10R,73738,555886,,0,103713,35719,,0,0
10R,72990,555739,,0,103701,35719,,0,0
10R,72991,555803,,0,103704,35719,,0,0
10R,72989,555623,,0,103696,35719,,0,0
10R,73738,555887,,0,103709,35719,,0,0
10R,72989,555624,,0,103697,35719,,0,0
10R,73738,555888,,0,103710,35719,,0,0
10R,72990,555740,,0,103703,35719,,0,0
10R,72991,555804,,0,103706,35719,,0,0
10R,72989,555656,,0,103698,35719,,0,0
10R,73738,555889,,0,103708,35719,,0,0
10R,72989,555657,,0,103699,35719,,0,0
10R,73738,555890,,0,103714,35719,,0,0
10R,72990,555741,,0,103702,35719,,0,0
10R,72991,555805,,0,103705,35719,,0,0
10R,73738,555891,,0,103712,35719,,0,0
10R,72989,555658,,0,103694,35719,,0,0
10R,72989,555659,,0,103695,35719,,0,0
10R,73738,555892,,0,103713,35719,,0,0
10R,72991,555806,,0,103704,35719,,0,0
10R,72990,555742,,0,103701,35719,,0,0
10R,72989,555660,,0,103696,35719,,0,0
10R,73738,555893,,0,103709,35719,,0,0
10R,72989,555661,,0,103697,35719,,0,0
10R,73738,555894,,0,103710,35719,,0,0
10R,72991,555807,,0,103706,35719,,0,0
10R,72990,555743,,0,103703,35719,,0,0
10R,73738,555895,,0,103708,35719,,0,0
10R,72989,555662,,0,103698,35719,,0,0
10R,72989,555663,,0,103699,35719,,0,0
10R,73738,555896,,0,103714,35719,,0,0
10R,72991,555808,,0,103705,35719,,0,0
10R,72990,555744,,0,103702,35719,,0,0
10R,73738,555897,,0,103712,35719,,0,0
10R,72989,555664,,0,103694,35719,,0,0
10R,72989,555655,,0,103695,35719,,0,0
10R,73738,555898,,0,103713,35719,,0,0
10R,72991,555809,,0,103704,35719,,0,0
10R,72990,555745,,0,103701,35719,,0,0
10R,73738,555899,,0,103709,35719,,0,0
10R,72989,555654,,0,103696,35719,,0,0
10R,72989,555653,,0,103697,35719,,0,0
10R,73738,555900,,0,103710,35719,,0,0
10R,72990,555746,,0,103703,35719,,0,0
10R,72991,555810,,0,103706,35719,,0,0
10R,73738,555901,,0,103708,35719,,0,0
10R,72989,555652,,0,103698,35719,,0,0
10R,73738,555902,,0,103714,35719,,0,0
10R,72989,555651,,0,103699,35719,,0,0
10R,72991,555811,,0,103705,35719,,0,0
10R,72990,555747,,0,103702,35719,,0,0
10R,73738,555903,,0,103715,35719,,0,0
10R,72989,555650,,0,103700,35719,,0,0
10R,73738,555904,,0,103712,35719,,0,0
10R,72989,555649,,0,103694,35719,,0,0
10R,72990,555748,,0,103701,35719,,0,0
10R,72991,555812,,0,103704,35719,,0,0
10R,73738,555905,,0,103713,35719,,0,0
10R,72989,555648,,0,103695,35719,,0,0
10R,73738,555906,,0,103709,35719,,0,0
10R,72989,555647,,0,103696,35719,,0,0
10R,72991,555813,,0,103706,35719,,0,0
10R,72990,555749,,0,103703,35719,,0,0
10R,72989,555646,,0,103697,35719,,0,0
10R,73738,555907,,0,103710,35719,,0,0
10R,73738,555908,,0,103708,35719,,0,0
10R,72989,555645,,0,103698,35719,,0,0
10R,72990,555750,,0,103702,35719,,0,0
10R,72991,555814,,0,103705,35719,,0,0
10R,72989,555644,,0,103699,35719,,0,0
10R,73738,555909,,0,103714,35719,,0,0
10R,72989,555643,,0,103700,35719,,0,0
10R,73738,555910,,0,103715,35719,,0,0
10R,72991,555815,,0,103704,35719,,0,0
10R,72990,555751,,0,103701,35719,,0,0
10R,73738,555911,,0,103712,35719,,0,0
10R,72989,555642,,0,103694,35719,,0,0
10R,73738,555912,,0,103713,35719,,0,0
10R,72989,555641,,0,103695,35719,,0,0
10R,72990,555752,,0,103703,35719,,0,0
10R,72991,555816,,0,103706,35719,,0,0
10R,73738,555913,,0,103709,35719,,0,0
10R,72989,555640,,0,103696,35719,,0,0
10R,73738,555914,,0,103710,35719,,0,0
10R,72989,555639,,0,103697,35719,,0,0
10R,72991,555817,,0,103705,35719,,0,0
10R,72990,555753,,0,103702,35719,,0,0
10R,73738,555915,,0,103708,35719,,0,0
10R,72989,555638,,0,103698,35719,,0,0
10R,73738,555916,,0,103714,35719,,0,0
10R,72989,555637,,0,103699,35719,,0,0
10R,72990,555754,,0,103701,35719,,0,0
10R,72991,555818,,0,103704,35719,,0,0
10R,72989,555636,,0,103700,35719,,0,0
10R,73738,555917,,0,103715,35719,,0,0
10R,72989,555635,,0,103694,35719,,0,0
10R,73738,555918,,0,103712,35719,,0,0
10R,72990,555755,,0,103703,35719,,0,0
10R,72991,555819,,0,103706,35719,,0,0
10R,72989,555634,,0,103696,35719,,0,0
10R,73738,555919,,0,103709,35719,,0,0
10R,72990,555756,,0,103702,35719,,0,0
10R,72991,555820,,0,103705,35719,,0,0
10R,72989,555633,,0,103698,35719,,0,0
10R,73738,555920,,0,103708,35719,,0,0
10R,73738,555921,,0,103715,35719,,0,0
10R,72989,555632,,0,103700,35719,,0,0
10R,72990,555757,,0,103701,35720,,0,0
10R,72991,555821,,0,103704,35720,,0,0
10R,73738,555857,,0,103707,35719,,0,0
10R,72989,555600,,0,103692,35719,,0,0
10R,72991,555822,,0,103705,35720,,0,0
10R,72990,555758,,0,103702,35720,,0,0
10R,72989,555625,,0,103698,35719,,0,0
10R,73738,555858,,0,103708,35719,,0,0
10R,72991,555823,,0,103704,35720,,0,0
10R,72990,555759,,0,103701,35720,,0,0
10R,73738,555859,,0,103707,35719,,0,0
10R,72989,555626,,0,103692,35719,,0,0
10R,72991,555824,,0,103705,35719,,0,0
10R,72990,555760,,0,103702,35719,,0,0
10R,73738,555860,,0,103708,35719,,0,0
10R,72989,555627,,0,103698,35719,,0,0
10R,72990,555729,,0,103701,35719,,0,0
10R,72991,555793,,0,103704,35719,,0,0
10R,72989,555628,,0,103692,35719,,0,0
10R,73738,555861,,0,103707,35719,,0,0
10R,72989,555694,,1,103696,35721,,0,0
10R,73738,555927,,1,103709,35721,,0,0
10R,73738,555928,,1,103710,35721,,0,0
10R,72989,555695,,1,103697,35721,,0,0
10R,72989,555696,,1,103698,35721,,0,0
10R,73738,555929,,1,103708,35721,,0,0
10R,73738,555930,,1,103711,35722,,0,0
10R,72989,555697,,1,103693,35722,,0,0
10R,72991,555827,,1,103704,35722,,0,0
10R,72990,555763,,1,103701,35722,,0,0
10R,73738,555931,,1,103712,35723,,0,0
10R,72989,555688,,1,103694,35723,,0,0
10R,73738,555932,,1,103713,35723,,0,0
10R,72989,555687,,1,103695,35723,,0,0
10R,73738,555933,,1,103709,35721,,0,0
10R,72989,555686,,1,103696,35721,,0,0
10R,72990,555764,,1,103702,35722,,0,0
10R,72991,555828,,1,103705,35722,,0,0
10R,73738,555934,,1,103710,35721,,0,0
10R,72989,555685,,1,103697,35721,,0,0
10R,73738,555935,,1,103708,35721,,0,0
10R,72989,555684,,1,103698,35721,,0,0
10R,73738,555936,,1,103711,35721,,0,0
10R,72989,555683,,1,103693,35721,,0,0
10R,72990,555765,,1,103701,35722,,0,0
10R,72991,555829,,1,103704,35722,,0,0
10R,73738,555937,,1,103714,35721,,0,0
10R,72989,555682,,1,103699,35721,,0,0
10R,73738,555938,,1,103712,35721,,0,0
10R,72989,555681,,1,103694,35721,,0,0
10R,73738,555939,,1,103713,35721,,0,0
10R,72989,555680,,1,103695,35721,,0,0
10R,72991,555830,,1,103705,35722,,0,0
10R,72990,555766,,1,103702,35722,,0,0
10R,73738,555940,,1,103709,35721,,0,0
10R,72989,555679,,1,103696,35721,,0,0
10R,72989,555678,,1,103697,35721,,0,0
10R,73738,555941,,1,103710,35721,,0,0
10R,72990,555767,,1,103701,35722,,0,0
10R,72991,555831,,1,103704,35722,,0,0
10R,72989,555677,,1,103698,35721,,0,0
10R,73738,555942,,1,103708,35721,,0,0
10R,72989,555676,,1,103699,35722,,0,0
10R,73738,555943,,1,103714,35722,,0,0
10R,72990,555768,,1,103702,35722,,0,0
10R,72991,555832,,1,103705,35722,,0,0
10R,73738,555944,,1,103712,35722,,0,0
10R,72989,555675,,1,103694,35722,,0,0
10R,73738,555945,,1,103713,35722,,0,0
10R,72989,555674,,1,103695,35722,,0,0
10R,72991,555833,,1,103704,35721,,0,0
10R,73738,555946,,1,103709,35722,,0,0
10R,72990,555769,,1,103701,35721,,0,0
10R,72989,555673,,1,103696,35722,,0,0
10R,73738,555947,,1,103710,35722,,0,0
10R,72989,555672,,1,103697,35722,,0,0
10R,72989,555671,,1,103698,35722,,0,0
10R,72991,555834,,1,103706,35721,,0,0
10R,72990,555770,,1,103703,35721,,0,0
10R,73738,555948,,1,103708,35722,,0,0
10R,73738,555949,,1,103714,35721,,0,0
10R,72989,555670,,1,103699,35721,,0,0
10R,72991,555835,,1,103705,35721,,0,0
10R,72990,555771,,1,103702,35721,,0,0
10R,73738,555950,,1,103712,35721,,0,0
10R,72989,555669,,1,103694,35721,,0,0
10R,73738,555951,,1,103713,35721,,0,0
10R,72989,555668,,1,103695,35721,,0,0
10R,72991,555836,,1,103704,35721,,0,0
10R,72990,555772,,1,103701,35721,,0,0
10R,72989,555667,,1,103696,35721,,0,0
10R,73738,555952,,1,103709,35721,,0,0
10R,72989,555666,,1,103697,35721,,0,0
10R,73738,555953,,1,103710,35721,,0,0
10R,72990,555773,,1,103703,35721,,0,0
10R,72991,555837,,1,103706,35721,,0,0
10R,72989,555665,,1,103698,35721,,0,0
10R,73738,555954,,1,103708,35721,,0,0
10R,72989,555698,,1,103699,35721,,0,0
10R,73738,555955,,1,103714,35721,,0,0
10R,72991,555838,,1,103705,35721,,0,0
10R,72990,555774,,1,103702,35721,,0,0
10R,73738,555956,,1,103712,35721,,0,0
10R,72989,555699,,1,103694,35721,,0,0
10R,73738,555957,,1,103713,35721,,0,0
10R,72989,555700,,1,103695,35721,,0,0
10R,72991,555839,,1,103704,35721,,0,0
10R,72990,555775,,1,103701,35721,,0,0
10R,72989,555701,,1,103696,35721,,0,0
10R,73738,555958,,1,103709,35721,,0,0
10R,73738,555959,,1,103710,35721,,0,0
10R,72989,555702,,1,103697,35721,,0,0
10R,72990,555776,,1,103703,35721,,0,0
10R,72991,555840,,1,103706,35721,,0,0
10R,72989,555703,,1,103698,35721,,0,0
10R,73738,555960,,1,103708,35721,,0,0
10R,73738,555961,,1,103714,35721,,0,0
10R,72989,555704,,1,103699,35721,,0,0
10R,72990,555777,,1,103702,35721,,0,0
10R,72991,555841,,1,103705,35721,,0,0
10R,73738,555962,,1,103712,35721,,0,0
10R,72989,555705,,1,103694,35721,,0,0
10R,72989,555706,,1,103695,35721,,0,0
10R,73738,555963,,1,103713,35721,,0,0
10R,72990,555778,,1,103701,35721,,0,0
10R,72991,555842,,1,103704,35721,,0,0
10R,73738,555964,,1,103709,35721,,0,0
10R,72989,555707,,1,103696,35721,,0,0
10R,72989,555708,,1,103697,35721,,0,0
10R,73738,555965,,1,103710,35721,,0,0
10R,72990,555779,,1,103703,35721,,0,0
10R,72991,555843,,1,103706,35721,,0,0
10R,72989,555709,,1,103698,35721,,0,0
10R,73738,555966,,1,103708,35721,,0,0
10R,73738,555967,,1,103714,35721,,0,0
10R,72989,555710,,1,103699,35721,,0,0
10R,73738,555968,,1,103715,35721,,0,0
10R,72989,555711,,1,103700,35721,,0,0
10R,72991,555844,,1,103705,35721,,0,0
10R,72990,555780,,1,103702,35721,,0,0
10R,73738,555969,,1,103712,35721,,0,0
10R,72989,555712,,1,103694,35721,,0,0
10R,73738,555970,,1,103713,35721,,0,0
10R,72989,555713,,1,103695,35721,,0,0
10R,72991,555845,,1,103704,35721,,0,0
10R,72990,555781,,1,103701,35721,,0,0
10R,73738,555971,,1,103709,35721,,0,0
10R,72989,555714,,1,103696,35721,,0,0
10R,73738,555972,,1,103710,35721,,0,0
10R,72989,555715,,1,103697,35721,,0,0
10R,72990,555782,,1,103703,35721,,0,0
10R,72991,555846,,1,103706,35721,,0,0
10R,73738,555973,,1,103708,35721,,0,0
10R,72989,555716,,1,103698,35721,,0,0
10R,73738,555974,,1,103714,35721,,0,0
10R,72989,555717,,1,103699,35721,,0,0
10R,72991,555825,,1,103705,35721,,0,0
10R,72990,555761,,1,103702,35721,,0,0
10R,72989,555718,,1,103700,35721,,0,0
10R,73738,555975,,1,103715,35721,,0,0
10R,73738,555976,,1,103712,35721,,0,0
10R,72989,555719,,1,103694,35721,,0,0
10R,72990,555783,,1,103701,35721,,0,0
10R,72991,555847,,1,103704,35721,,0,0
10R,72989,555720,,1,103695,35721,,0,0
10R,73738,555977,,1,103713,35721,,0,0
10R,72989,555721,,1,103696,35721,,0,0
10R,73738,555978,,1,103709,35721,,0,0
10R,72991,555848,,1,103706,35721,,0,0
10R,72990,555784,,1,103703,35721,,0,0
10R,72989,555722,,1,103697,35721,,0,0
10R,73738,555979,,1,103710,35721,,0,0
10R,72989,555723,,1,103698,35721,,0,0
10R,73738,555980,,1,103708,35721,,0,0
10R,72991,555849,,1,103705,35721,,0,0
10R,72990,555785,,1,103702,35721,,0,0
10R,73738,555922,,1,103714,35721,,0,0
10R,72989,555689,,1,103699,35721,,0,0
10R,72991,555850,,1,103704,35721,,0,0
10R,72989,555724,,1,103700,35721,,0,0
10R,73738,555981,,1,103715,35721,,0,0
10R,72990,555786,,1,103701,35721,,0,0
10R,73738,555982,,1,103712,35721,,0,0
10R,72989,555725,,1,103694,35721,,0,0
10R,72991,555851,,1,103706,35721,,0,0
10R,72990,555787,,1,103703,35721,,0,0
10R,72989,555726,,1,103696,35721,,0,0
10R,73738,555983,,1,103709,35721,,0,0
10R,72990,555788,,1,103702,35721,,0,0
10R,72991,555852,,1,103705,35721,,0,0
10R,73738,555984,,1,103708,35721,,0,0
10R,72989,555727,,1,103698,35721,,0,0
10R,73738,555985,,1,103715,35721,,0,0
10R,72989,555728,,1,103700,35721,,0,0
10R,72991,555853,,1,103704,35723,,0,0
10R,72990,555789,,1,103701,35723,,0,0
10R,72991,555854,,1,103705,35723,,0,0
10R,72990,555790,,1,103702,35723,,0,0
10R,72989,555690,,1,103698,35721,,0,0
10R,73738,555923,,1,103708,35721,,0,0
10R,72991,555855,,1,103704,35723,,0,0
10R,73738,555924,,1,103707,35721,,0,0
10R,72989,555691,,1,103692,35721,,0,0
10R,72990,555791,,1,103701,35723,,0,0
10R,72991,555856,,1,103705,35723,,0,0
10R,73738,555925,,1,103708,35721,,0,0
10R,72990,555792,,1,103702,35723,,0,0
10R,72989,555692,,1,103698,35721,,0,0
10R,72990,555762,,1,103701,35723,,0,0
10R,72989,555693,,1,103692,35721,,0,0
10R,72991,555826,,1,103704,35723,,0,0
10R,73738,555926,,1,103707,35721,,0,0
11,72989,556120,,0,103723,35725,,0,0
11,73738,556132,,0,103724,35725,,0,0
11,72989,556121,,0,103723,35725,,0,0
11,73738,556133,,0,103724,35725,,0,0
11,72989,556125,,0,103723,35725,,0,0
11,73738,556137,,0,103724,35725,,0,0
11,72989,556122,,0,103722,35725,,0,0
11,73738,556134,,0,103725,35725,,0,0
11,72989,556123,,0,103722,35725,,0,0
11,73738,556135,,0,103725,35725,,0,0
11,72989,556124,,0,103722,35725,,0,0
11,73738,556136,,0,103725,35725,,0,0
11,72989,556119,,1,103723,35724,,0,0
11,73738,556126,,1,103724,35724,,0,0
11,72989,556118,,1,103723,35724,,0,0
11,73738,556127,,1,103724,35724,,0,0
11,72989,556117,,1,103723,35724,,0,0
11,73738,556128,,1,103724,35724,,0,0
11,72989,556114,,1,103722,35724,,0,0
11,73738,556131,,1,103725,35724,,0,0
11,72989,556116,,1,103722,35724,,0,0
11,73738,556129,,1,103725,35724,,0,0
11,72989,556115,,1,103722,35724,,0,0
11,73738,556130,,1,103725,35724,,0,0
53,72989,557169,,0,103832,35763,,0,0
53,73738,557177,,0,103834,35763,,0,0
53,72989,557170,,0,103832,35765,,0,0
53,73738,557178,,0,103834,35765,,0,0
53,72989,557171,,0,103832,35766,,0,0
53,73738,557179,,0,103834,35766,,0,0
53,72989,557174,,0,103833,35768,,0,0
53,73738,557182,,0,103835,35768,,0,0
53,72989,557175,,0,103833,35768,,0,0
53,73738,557183,,0,103835,35768,,0,0
53,72989,557176,,0,103833,35768,,0,0
53,73738,557184,,0,103835,35768,,0,0
53,72989,557172,,1,103832,35764,,0,0
53,73738,557180,,1,103834,35764,,0,0
53,72989,557173,,0,103833,35767,,0,0
53,73738,557181,,0,103835,35767,,0,0
15,72989,556360,,0,103737,35733,,0,0
15,73738,556401,,0,103740,35733,,0,0
15,72989,556361,,0,103736,35733,,0,0
15,73738,556402,,0,103741,35733,,0,0
15,72991,556385,,0,103739,35733,,0,0
15,72990,556369,,0,103738,35733,,0,0
15,72989,556362,,0,103737,35733,,0,0
15,73738,556403,,0,103740,35733,,0,0
15,72989,556363,,0,103736,35733,,0,0
15,73738,556404,,0,103741,35733,,0,0
15,72991,556386,,0,103739,35733,,0,0
15,72990,556370,,0,103738,35733,,0,0
15,72989,556364,,0,103737,35733,,0,0
15,73738,556405,,0,103740,35733,,0,0
15,72989,556365,,0,103736,35733,,0,0
15,73738,556406,,0,103741,35733,,0,0
15,72991,556387,,0,103739,35733,,0,0
15,72990,556371,,0,103738,35733,,0,0
15,73738,556407,,0,103740,35733,,0,0
15,72989,556366,,0,103737,35733,,0,0
15,73738,556408,,0,103741,35733,,0,0
15,72989,556367,,0,103736,35733,,0,0
15,72991,556388,,0,103739,35733,,0,0
15,72990,556372,,0,103738,35733,,0,0
15,73738,556409,,0,103740,35733,,0,0
15,72989,556368,,0,103737,35733,,0,0
15,72989,556359,,0,103736,35733,,0,0
15,73738,556410,,0,103741,35733,,0,0
15,72991,556389,,0,103739,35733,,0,0
15,72990,556373,,0,103738,35733,,0,0
15,73738,556411,,0,103740,35733,,0,0
15,72989,556358,,0,103737,35733,,0,0
15,72989,556357,,0,103736,35733,,0,0
15,73738,556412,,0,103741,35733,,0,0
15,72991,556390,,0,103739,35733,,0,0
15,72990,556374,,0,103738,35733,,0,0
15,72989,556356,,0,103737,35733,,0,0
15,73738,556413,,0,103740,35733,,0,0
15,72989,556355,,0,103736,35733,,0,0
15,73738,556414,,0,103741,35733,,0,0
15,72991,556391,,0,103739,35733,,0,0
15,72990,556375,,0,103738,35733,,0,0
15,73738,556415,,0,103740,35733,,0,0
15,72989,556354,,0,103737,35733,,0,0
15,72989,556353,,0,103736,35733,,0,0
15,73738,556416,,0,103741,35733,,0,0
15,72991,556392,,0,103739,35733,,0,0
15,72990,556376,,0,103738,35733,,0,0
15,73738,556417,,0,103740,35733,,0,0
15,72989,556352,,0,103737,35733,,0,0
15,73738,556418,,0,103741,35733,,0,0
15,72989,556351,,0,103736,35733,,0,0
15,72990,556377,,0,103738,35733,,0,0
15,72991,556393,,0,103739,35733,,0,0
15,72989,556350,,0,103737,35733,,0,0
15,73738,556419,,0,103740,35733,,0,0
15,72989,556349,,0,103736,35733,,0,0
15,73738,556420,,0,103741,35733,,0,0
15,72990,556378,,0,103738,35733,,0,0
15,72991,556394,,0,103739,35733,,0,0
15,72989,556348,,0,103737,35733,,0,0
15,73738,556421,,0,103740,35733,,0,0
15,73738,556422,,0,103741,35733,,0,0
15,72989,556347,,0,103736,35733,,0,0
15,72991,556395,,0,103739,35733,,0,0
15,72990,556379,,0,103738,35733,,0,0
15,72989,556346,,0,103737,35733,,0,0
15,73738,556423,,0,103740,35733,,0,0
15,72989,556345,,0,103736,35733,,0,0
15,73738,556424,,0,103741,35733,,0,0
15,72990,556380,,0,103738,35733,,0,0
15,72991,556396,,0,103739,35733,,0,0
15,72989,556344,,0,103737,35733,,0,0
15,73738,556425,,0,103740,35733,,0,0
15,73738,556426,,0,103741,35733,,0,0
15,72989,556343,,0,103736,35733,,0,0
15,72990,556381,,0,103738,35733,,0,0
15,72991,556397,,0,103739,35733,,0,0
15,72989,556342,,0,103737,35733,,0,0
15,73738,556427,,0,103740,35733,,0,0
15,72989,556341,,0,103736,35733,,0,0
15,73738,556428,,0,103741,35733,,0,0
15,72991,556398,,0,103739,35733,,0,0
15,72990,556382,,0,103738,35733,,0,0
15,73738,556430,,0,103740,35733,,0,0
15,72989,556339,,0,103737,35733,,0,0
15,73738,556429,,0,103741,35733,,0,0
15,72989,556340,,0,103736,35733,,0,0
15,72991,556399,,0,103739,35733,,0,0
15,72990,556383,,0,103738,35733,,0,0
15,73738,556431,,0,103741,35733,,0,0
15,72989,556338,,0,103736,35733,,0,0
15,72990,556384,,0,103738,35733,,0,0
15,72991,556400,,0,103739,35733,,0,0
15,73738,556432,,0,103741,35733,,0,0
15,72989,556337,,0,103736,35733,,0,0
15,72989,556336,,0,103736,35733,,0,0
15,73738,556433,,0,103741,35733,,0,0
1,72989,555517,,0,103684,35717,,0,0
1,73738,555585,,0,103689,35717,,0,0
1,72989,555518,,0,103684,35717,,0,0
1,73738,555584,,0,103689,35717,,0,0
1,72989,555519,,0,103684,35717,,0,0
1,73738,555583,,0,103689,35717,,0,0
1,72989,555520,,0,103684,35717,,0,0
1,73738,555582,,0,103689,35717,,0,0
1,72989,555521,,0,103684,35717,,0,0
1,73738,555581,,0,103689,35717,,0,0
1,73738,555580,,0,103689,35717,,0,0
1,72989,555522,,0,103684,35717,,0,0
1,73738,555579,,0,103689,35717,,0,0
1,72989,555523,,0,103684,35717,,0,0
1,73738,555578,,0,103689,35717,,0,0
1,72989,555524,,0,103684,35717,,0,0
1,72989,555525,,0,103684,35717,,0,0
1,73738,555577,,0,103689,35717,,0,0
1,73738,555576,,0,103689,35717,,0,0
1,72989,555526,,0,103684,35717,,0,0
1,72989,555527,,0,103684,35717,,0,0
1,73738,555575,,0,103689,35717,,0,0
1,72989,555502,,0,103684,35717,,0,0
1,73738,555574,,0,103689,35717,,0,0
1,72989,555503,,0,103684,35717,,0,0
1,73738,555573,,0,103689,35717,,0,0
1,73738,555572,,0,103689,35717,,0,0
1,72989,555504,,0,103684,35717,,0,0
1,73738,555571,,0,103689,35717,,0,0
1,72989,555505,,0,103684,35717,,0,0
1,73738,555570,,0,103689,35717,,0,0
1,72989,555506,,0,103684,35717,,0,0
1,72989,555507,,0,103684,35717,,0,0
1,73738,555569,,0,103689,35717,,0,0
1,73738,555568,,0,103689,35717,,0,0
1,72989,555508,,0,103684,35717,,0,0
1,73738,555567,,0,103689,35717,,0,0
1,72989,555509,,0,103684,35717,,0,0
1,73738,555566,,0,103689,35717,,0,0
1,72989,555510,,0,103684,35717,,0,0
1,73738,555565,,0,103689,35717,,0,0
1,72989,555511,,0,103684,35717,,0,0
1,73738,555564,,0,103689,35717,,0,0
1,72989,555512,,0,103684,35717,,0,0
1,73738,555563,,0,103689,35717,,0,0
1,72989,555513,,0,103684,35717,,0,0
1,73738,555562,,0,103689,35717,,0,0
1,72989,555514,,0,103684,35717,,0,0
1,72989,555515,,0,103684,35717,,0,0
1,73738,555561,,0,103689,35717,,0,0
1,73738,555560,,0,103689,35717,,0,0
1,72989,555501,,0,103684,35717,,0,0
1,73738,555559,,0,103689,35717,,0,0
1,72989,555500,,0,103684,35717,,0,0
1,73738,555558,,0,103689,35717,,0,0
1,72989,555499,,0,103684,35717,,0,0
1,73738,555557,,0,103689,35717,,0,0
1,72989,555498,,0,103684,35717,,0,0
1,72989,555516,,0,103684,35717,,0,0
1,73738,555556,,0,103689,35717,,0,0
1,72990,555528,,0,103685,35718,,0,0
1,72991,555542,,0,103687,35718,,0,0
1,72990,555529,,0,103686,35718,,0,0
1,72991,555543,,0,103688,35718,,0,0
1,72990,555530,,0,103685,35718,,0,0
1,72991,555544,,0,103687,35718,,0,0
1,72990,555531,,0,103686,35718,,0,0
1,72991,555545,,0,103688,35718,,0,0
1,72990,555532,,0,103685,35718,,0,0
1,72991,555546,,0,103687,35718,,0,0
1,72990,555533,,0,103686,35718,,0,0
1,72991,555547,,0,103688,35718,,0,0
1,72990,555534,,0,103685,35718,,0,0
1,72991,555548,,0,103687,35718,,0,0
1,72991,555549,,0,103688,35718,,0,0
1,72990,555535,,0,103686,35718,,0,0
1,72990,555536,,0,103685,35718,,0,0
1,72991,555550,,0,103687,35718,,0,0
1,72991,555551,,0,103688,35718,,0,0
1,72990,555537,,0,103686,35718,,0,0
1,72991,555552,,0,103687,35718,,0,0
1,72990,555538,,0,103685,35718,,0,0
1,72991,555553,,0,103688,35718,,0,0
1,72990,555539,,0,103686,35718,,0,0
1,72991,555554,,0,103687,35718,,0,0
1,72990,555540,,0,103685,35718,,0,0
1,72990,555541,,0,103686,35718,,0,0
1,72991,555555,,0,103688,35718,,0,0
501,72989,559300,,0,104051,35752,,0,0
501,73738,559310,,0,104044,35752,,0,0
501,72989,559307,,1,104056,35753,,0,0
501,72989,559308,,1,104057,35753,,0,0
501,73738,559315,,1,104049,35753,,0,0
501,73738,559316,,1,104050,35753,,0,0
501,72989,559309,,1,104057,35753,,0,0
501,73738,559317,,1,104050,35753,,0,0
501,72989,559301,,0,104052,35901,,0,0
501,72989,559302,,0,104053,35901,,0,0
501,73738,559311,,0,104045,35901,,0,0
501,73738,559312,,0,104046,35901,,0,0
501,72989,559304,,1,104054,35902,,0,0
501,72989,559306,,1,104055,35902,,0,0
501,73738,559313,,1,104047,35902,,0,0
501,73738,559314,,1,104048,35902,,0,0
503,72989,557152,,0,103807,35757,,0,0
503,73738,559318,,0,104040,35757,,0,0
503,72989,557153,,0,103807,35903,,0,0
503,73738,559319,,0,104040,35903,,0,0
503,73738,559321,,1,104041,35758,,0,0
503,72989,557154,,1,103823,35758,,0,0
503,73738,559320,,1,104041,35758,,0,0
504,72989,557161,,0,103826,35760,,0,0
504,73738,557164,,0,103828,35760,,0,0
504,72989,557162,,1,103827,35761,,0,0
504,72989,557163,,1,103750,35761,,0,0
504,72989,559322,,1,104042,35761,,0,0
504,73738,557165,,1,103829,35761,,0,0
504,73738,557166,,1,103754,35761,,0,0
504,73738,559323,,1,104043,35761,,0,0
601,72989,557240,,0,103848,35777,,0,0
601,73738,557242,,0,103711,35777,,0,0
601,72989,557241,,1,103845,35778,,0,0
601,73738,557243,,1,103847,35778,,0,0
602,72989,557244,,0,103850,35779,,0,0
602,73738,557248,,0,103851,35779,,0,0
602,72989,557245,,1,103751,35780,,0,0
602,73738,557249,,1,103755,35780,,0,0
602,72989,557246,30,1,103845,35781,,0,0
602,73738,557250,30,1,103847,35781,,0,0
602,72989,557247,,1,103809,35782,,0,0
602,73738,557251,,1,103815,35782,,0,0
603,72989,557252,,0,103852,35783,,0,0
603,73738,557254,,0,103853,35783,,0,0
603,72989,557253,,1,103833,35784,,0,0
603,73738,557255,,1,103835,35784,,0,0
604,72989,557256,,0,103852,35785,,0,0
604,73738,557260,,0,103853,35785,,0,0
604,72989,557258,,1,103855,35786,,0,0
604,72989,557259,,1,103856,35786,,0,0
604,73738,557262,,1,103858,35786,,0,0
604,73738,557263,,1,103859,35786,,0,0
604,72989,557257,,1,103854,35786,,0,0
604,73738,557261,,1,103857,35786,,0,0
605,72989,557264,,0,103860,35787,,0,0
605,73738,557267,,0,103863,35787,,0,0
605,72989,557265,,1,103861,35788,,0,0
605,72989,557266,,1,103862,35788,,0,0
605,73738,557268,,1,103864,35788,,0,0
605,73738,557269,,1,103865,35788,,0,0
606,72989,557270,,0,103860,35789,,0,0
606,73738,557272,,0,103863,35789,,0,0
606,72989,557271,,1,103722,35790,,0,0
606,73738,557273,,1,103725,35790,,0,0
607,72989,557274,,0,103819,35791,,0,0
607,73738,557276,,0,103821,35791,,0,0
607,72989,557275,,1,103751,35792,,0,0
607,73738,557277,,1,103755,35792,,0,0
608,72989,557278,,0,103850,35793,,0,0
608,73738,557281,,0,103851,35793,,0,0
608,72989,557279,,1,103839,35795,,0,0
608,73738,557282,,1,103841,35795,,0,0
608,72989,557280,,1,104042,35794,,0,0
608,73738,557283,,1,104043,35794,,0,0
609,72989,557285,,0,103854,35797,,0,0
609,73738,557287,,0,103857,35797,,0,0
609,72989,557284,,1,103826,35796,,0,0
609,73738,557286,,1,103828,35796,,0,0
610,72989,557288,,0,103866,35798,,0,0
610,73738,557290,,0,103868,35798,,0,0
610,72989,557289,,1,103760,35799,,0,0
610,73738,557291,,1,103769,35799,,0,0
611,72989,557292,,0,103866,35800,,0,0
611,73738,557294,,0,103868,35800,,0,0
611,72989,557293,,1,103870,35801,,0,0
611,73738,557295,,1,103871,35801,,0,0